%Date	RF	SMB	HML
19260728	0.0022	-0.0249	-0.0304
19260828	0.0025	-0.0133	0.043
19260928	0.0023	-0.0136	0.001
19261028	0.0032	-0.0017	0.0048
19261128	0.0031	-0.0033	-0.0039
19261228	0.0028	0.0001	-0.0005
19270128	0.0025	-0.0021	0.0459
19270228	0.0026	0.0027	0.0308
19270328	0.003	-0.0185	-0.0296
19270428	0.0025	0.0043	0.0108
19270528	0.003	0.0025	0.0275
19270628	0.0026	0.0096	-0.0187
19270728	0.003	-0.0303	-0.0145
19270828	0.0028	-0.0094	-0.032
19270928	0.0021	-0.0305	-0.0086
19271028	0.0025	0.0197	-0.037
19271128	0.0021	0.0223	-0.0013
19271228	0.0022	0.0091	-0.0128
19280128	0.0025	0.0427	-0.0152
19280228	0.0033	-0.02	-0.0076
19280328	0.0029	-0.0027	-0.0145
19280428	0.0022	0.0389	0.0272
19280528	0.0032	0.0269	-0.0322
19280628	0.0031	-0.0366	0.003
19280728	0.0032	-0.0148	-0.0065
19280828	0.0032	-0.0194	-0.0237
19280928	0.0027	0.0195	0.0102
19281028	0.0041	0.0234	-0.0259
19281128	0.0038	-0.0151	0.0282
19281228	0.0006	-0.0108	-0.0001
19290128	0.0034	-0.0313	-0.0186
19290228	0.0036	0.0075	0.0104
19290328	0.0034	-0.0389	0.0065
19290428	0.0036	-0.0086	0.013
19290528	0.0044	-0.0736	0.0105
19290628	0.0052	-0.0169	-0.0285
19290728	0.0033	-0.0402	0.0211
19290828	0.004	-0.093	0.0026
19290928	0.0035	0.0146	-0.0094
19291028	0.0046	-0.0386	0.0904
19291128	0.0037	-0.016	0.0525
19291228	0.0037	-0.0488	-0.0054
19300128	0.0014	0.0426	-0.0314
19300228	0.003	0.004	0.001
19300328	0.0035	0.0411	-0.0052
19300428	0.0021	-0.0112	-0.0217
19300528	0.0026	-0.0159	-0.0179
19300628	0.0027	-0.03	0.026
19300728	0.002	0.0054	-0.0235
19300828	0.0009	-0.0215	-0.0112
19300928	0.0022	-0.0209	-0.0447
19301028	0.0009	-0.0138	-0.0084
19301128	0.0013	0.0226	-0.0275
19301228	0.0014	-0.0506	-0.0529
19310128	0.0015	0.037	0.077
19310228	0.0004	0.0293	0.0248
19310328	0.0013	0.0272	-0.0327
19310428	0.0008	-0.0471	-0.038
19310528	0.0009	0.0565	-0.0634
19310628	0.0008	-0.0497	0.1094
19310728	0.0006	0.0165	-0.0387
19310828	0.0003	-0.0101	-0.0257
19310928	0.0003	-0.0053	-0.0655
19311028	0.001	0	0.0009
19311128	0.0017	0.0455	-0.0533
19311228	0.0012	0.0002	-0.0956
19320128	0.0023	0.0345	0.0989
19320228	0.0023	-0.0159	-0.0364
19320328	0.0016	0.022	-0.0186
19320428	0.0011	0.0147	-0.0112
19320528	0.0006	0.045	-0.0509
19320628	0.0002	-0.0241	0.0817
19320728	0.0003	-0.065	0.3535
19320828	0.0003	0.1944	0.2458
19320928	0.0003	-0.0236	-0.0696
19321028	0.0002	-0.0283	-0.099
19321128	0.0002	-0.0132	0.1205
19321228	0.0001	-0.0988	-0.0689
19330128	0.0001	-0.0021	0.0756
19330228	-0.0003	-0.0131	0.0071
19330328	0.0004	0.0219	0.0252
19330428	0.001	0.044	0.1751
19330528	0.0004	0.3804	0.1479
19330628	0.0002	0.0845	-0.033
19330728	0.0002	-0.0011	0.0081
19330828	0.0003	-0.0546	0.0349
19330928	0.0002	-0.0012	0.1342
19331028	0.0001	-0.0004	-0.0811
19331128	0.0002	-0.0632	0.0128
19331228	0.0002	-0.0022	-0.0167
19340128	0.0005	0.1217	0.1701
19340228	0.0002	0.0519	0.0213
19340328	0.0002	0.0243	-0.0287
19340428	0.0001	0.0294	-0.0483
19340528	0.0001	-0.0004	-0.0745
19340628	0.0001	-0.0256	-0.0233
19340728	0.0001	-0.0632	-0.1148
19340828	0.0001	0.0453	0.0126
19340928	0.0001	-0.0179	-0.0051
19341028	0.0001	0.0166	-0.0401
19341128	0.0001	0.0708	-0.0479
19341228	0.0001	0.0281	-0.0296
19350128	0.0001	0.0101	-0.0234
19350228	0.0002	0.0038	-0.0727
19350328	0.0001	-0.0385	-0.0507
19350428	0.0001	-0.0192	0.0514
19350528	0.0001	-0.0395	0.0175
19350628	0.0001	-0.0289	-0.0002
19350728	0.0001	0.029	0.0558
19350828	0.0001	0.0715	0.044
19350928	0.0001	0.0092	-0.0424
19351028	0.0001	0.0227	-0.0015
19351128	0.0002	0.0571	0.1053
19351228	0.0001	0.009	0.0037
19360128	0.0001	0.0617	0.1017
19360228	0.0001	0.0074	0.0375
19360328	0.0002	0.0088	-0.0205
19360428	0.0002	-0.068	-0.0219
19360528	0.0002	0.0089	0.025
19360628	0.0003	-0.0351	-0.0086
19360728	0.0001	0.0138	0.0193
19360828	0.0002	0.0005	0.0356
19360928	0.0001	0.0329	-0.0063
19361028	0.0002	-0.0223	0.0201
19361128	0.0001	0.0825	-0.0162
19361228	0	0.0292	0.0557
19370128	0.0001	0.0434	0.0354
19370228	0.0002	0.0049	0.0535
19370328	0.0001	-0.022	0.0688
19370428	0.0003	-0.0333	-0.0489
19370528	0.0006	-0.0059	-0.0345
19370628	0.0003	-0.0341	-0.0292
19370728	0.0003	0.0184	-0.0001
19370828	0.0002	0.0001	-0.0221
19370928	0.0004	-0.0695	-0.0448
19371028	0.0002	0.0017	-0.0145
19371128	0.0002	-0.0341	0.0021
19371228	0	-0.0805	-0.0128
19380128	0	0.0583	-0.0184
19380228	0	0.0001	-0.0159
19380328	-0.0001	-0.0425	-0.042
19380428	0.0001	0.0671	-0.0009
19380528	0	-0.0246	-0.0093
19380628	0	0.0407	0.0191
19380728	-0.0001	0.0667	0.0086
19380828	0	-0.0244	-0.0407
19380928	0.0002	-0.031	-0.0086
19381028	0.0001	0.0663	0.0469
19381128	-0.0006	-0.0237	-0.0095
19381228	0	-0.019	0.0087
19390128	-0.0001	-0.0136	-0.0361
19390228	0.0001	0.0023	0.0324
19390328	-0.0001	-0.0542	-0.0805
19390428	0	0.0202	0.0039
19390528	0.0001	0.0378	-0.0015
19390628	0.0001	-0.018	-0.0525
19390728	0	0.0469	0.0032
19390828	-0.0001	-0.0456	-0.026
19390928	0.0001	0.1877	0.2217
19391028	0	0.0021	-0.0441
19391128	0	-0.0433	-0.0637
19391228	0	0.0079	-0.0405
19400128	0	0.0036	-0.0025
19400228	0	0.0221	-0.005
19400328	0	0.0169	-0.0101
19400428	0	0.0374	-0.0034
19400528	-0.0002	-0.0622	-0.0366
19400628	0	-0.0224	0.045
19400728	0.0001	0.0073	-0.0044
19400828	-0.0001	0.0036	0.0029
19400928	0	0.0343	-0.0197
19401028	0	-0.0043	0.0574
19401128	0	0.0203	0.0054
19401228	0	-0.0236	-0.0113
19410128	-0.0001	0.0085	0.0358
19410228	-0.0001	-0.0155	0.0086
19410328	0.0001	0.003	0.0316
19410428	-0.0001	-0.0167	0.0335
19410528	0	-0.0098	0.0092
19410628	0	0.0141	0.0066
19410728	0.0003	0.0595	0.068
19410828	0.0001	-0.0043	-0.0107
19410928	0.0001	-0.0145	0.0001
19411028	0	-0.024	0.018
19411128	0	-0.0076	-0.0105
19411228	0.0001	-0.0345	-0.0474
19420128	0.0002	0.077	0.0974
19420228	0.0001	0.0152	-0.0101
19420328	0.0001	0.0229	-0.0123
19420428	0.0001	-0.0066	0.0196
19420528	0.0003	-0.032	-0.0314
19420628	0.0002	-0.0106	0.0015
19420728	0.0003	-0.0035	0.0249
19420828	0.0003	-0.0055	0.0178
19420928	0.0003	0.0035	0.0372
19421028	0.0003	0.0135	0.0664
19421128	0.0003	-0.0064	-0.0543
19421228	0.0003	-0.0214	0.0102
19430128	0.0003	0.0806	0.0735
19430228	0.0003	0.0442	0.0609
19430328	0.0003	0.049	0.0531
19430428	0.0003	0.0178	0.0656
19430528	0.0003	0.0416	0.0287
19430628	0.0003	-0.0057	-0.0078
19430728	0.0003	-0.0273	-0.0241
19430828	0.0003	-0.0085	-0.0092
19430928	0.0003	0.0142	0.0133
19431028	0.0003	0.0088	0.0128
19431128	0.0003	-0.0155	-0.0476
19431228	0.0003	0.0336	0.03
19440128	0.0003	0.022	0.0229
19440228	0.0003	0.0011	0.0143
19440328	0.0002	0.0185	0.0287
19440428	0.0003	-0.0126	-0.0073
19440528	0.0003	0.0138	0.0107
19440628	0.0003	0.041	0.0238
19440728	0.0003	0.0073	-0.0061
19440828	0.0003	0.0216	-0.0147
19440928	0.0002	0.0048	-0.0114
19441028	0.0003	-0.0026	-0.0015
19441128	0.0003	0.0052	0.0172
19441228	0.0002	0.0156	0.0639
19450128	0.0003	0.0291	0.007
19450228	0.0002	0.0164	0.0422
19450328	0.0002	-0.0201	-0.0137
19450428	0.0003	0.0046	0.0346
19450528	0.0003	0.0136	0.008
19450628	0.0002	0.0307	0.0441
19450728	0.0003	-0.0165	-0.024
19450828	0.0003	0.0168	-0.0411
19450928	0.0003	0.0195	0.0043
19451028	0.0003	0.0258	0.0166
19451128	0.0002	0.0397	0.0439
19451228	0.0003	0.0267	-0.0199
19460128	0.0003	0.0382	0.0173
19460228	0.0003	-0.0082	-0.0129
19460328	0.0003	0.0027	-0.0073
19460428	0.0003	0.0235	-0.0022
19460528	0.0003	0.0143	0.0192
19460628	0.0003	-0.0144	-0.0016
19460728	0.0003	-0.0207	0.0021
19460828	0.0003	-0.0184	0.0012
19460928	0.0003	-0.0446	-0.0195
19461028	0.0003	-0.001	0.0335
19461128	0.0003	-0.0051	0.0111
19461228	0.0003	0	-0.0115
19470128	0.0003	0.0168	-0.0084
19470228	0.0003	0.0057	-0.0018
19470328	0.0003	-0.0159	0.0056
19470428	0.0003	-0.041	0.0051
19470528	0.0003	-0.0325	0.0028
19470628	0.0003	-0.0026	-0.0014
19470728	0.0003	0.0162	0.0308
19470828	0.0003	0.0033	0.001
19470928	0.0006	0.0162	0.0148
19471028	0.0006	0.0049	0.0022
19471128	0.0006	-0.0163	0.0106
19471228	0.0008	-0.0236	0.0354
19480128	0.0007	0.022	0.0107
19480228	0.0007	-0.0176	-0.0007
19480328	0.0009	0.0009	0.0453
19480428	0.0008	-0.0147	0.0406
19480528	0.0008	0.0098	-0.0102
19480628	0.0009	-0.0171	0.0272
19480728	0.0008	-0.0034	0.0002
19480828	0.0009	-0.0106	0.0022
19480928	0.0004	-0.0132	-0.017
19481028	0.0004	-0.0147	0.0059
19481128	0.0004	-0.0067	-0.0451
19481228	0.0004	-0.0265	-0.0159
19490128	0.001	0.015	0.0147
19490228	0.0009	-0.0191	-0.008
19490328	0.001	0.0251	0.0121
19490428	0.0009	-0.0098	-0.0109
19490528	0.001	-0.0083	-0.0249
19490628	0.001	-0.0108	-0.0158
19490728	0.0009	0.0075	0.0035
19490828	0.0009	0.0002	-0.0035
19490928	0.0009	0.0111	0.0009
19491028	0.0009	0.0108	-0.0032
19491128	0.0008	-0.0105	-0.0048
19491228	0.0009	0.0206	0.0163
19500128	0.0009	0.0366	0.0015
19500228	0.0009	-0.0003	-0.0088
19500328	0.001	-0.013	-0.0274
19500428	0.0009	0.0197	0.0149
19500528	0.001	-0.0199	0.0056
19500628	0.001	-0.0253	-0.0084
19500728	0.001	0.0047	0.1335
19500828	0.001	0.0105	-0.0131
19500928	0.001	0.0039	-0.0066
19501028	0.0012	-0.0048	0.011
19501128	0.0011	-0.0087	0.0323
19501228	0.0011	0.0163	0.0705
19510128	0.0013	0.0169	0.041
19510228	0.001	0.0003	-0.0283
19510328	0.0011	-0.0071	-0.0407
19510428	0.0013	-0.0149	0.0335
19510528	0.0012	-0.0007	-0.0134
19510628	0.0012	-0.0195	-0.0395
19510728	0.0013	-0.019	0.0193
19510828	0.0013	0.008	0.0013
19510928	0.0012	0.0199	0.0061
19511028	0.0016	-0.0034	0.004
19511128	0.0011	-0.0044	0.0032
19511228	0.0012	-0.0207	-0.0194
19520128	0.0015	-0.0076	0.0179
19520228	0.0012	0.0069	-0.0042
19520328	0.0011	-0.0297	0.0233
19520428	0.0012	0.0037	0.0017
19520528	0.0013	-0.0099	0.0006
19520628	0.0015	-0.0161	0.0129
19520728	0.0015	-0.0036	-0.0042
19520828	0.0015	0.0116	-0.0002
19520928	0.0016	0.0122	-0.0165
19521028	0.0014	-0.0115	-0.0025
19521128	0.001	-0.0065	0.0102
19521228	0.0016	-0.0148	0.001
19530128	0.0016	0.0357	0.0118
19530228	0.0014	0.0217	-0.0006
19530328	0.0018	-0.0004	-0.0105
19530428	0.0016	0.0025	0.0141
19530528	0.0017	0.0002	0.0024
19530628	0.0018	-0.0187	-0.0053
19530728	0.0015	-0.0099	-0.0037
19530828	0.0017	0.0039	-0.0357
19530928	0.0016	-0.0079	-0.0254
19531028	0.0013	-0.0133	-0.0001
19531128	0.0008	-0.0129	-0.0037
19531228	0.0013	-0.0077	-0.0283
19540128	0.0011	0.0059	0.0357
19540228	0.0007	-0.0036	-0.0049
19540328	0.0008	-0.0057	-0.0145
19540428	0.0009	-0.034	-0.0041
19540528	0.0005	0.0038	0.0247
19540628	0.0006	0.0041	0.0001
19540728	0.0005	0.0122	0.0454
19540828	0.0005	0.0278	-0.017
19540928	0.0009	-0.0262	0.001
19541028	0.0007	0.0052	0.0039
19541128	0.0006	-0.0282	0.0414
19541228	0.0008	0.021	0.0569
19550128	0.0008	0.006	0.0216
19550228	0.0009	0.0155	0.0032
19550328	0.001	-0.0056	0.02
19550428	0.001	-0.0151	0.0021
19550528	0.0014	-0.0029	-0.0109
19550628	0.001	-0.0471	0.015
19550728	0.001	-0.012	0.0064
19550828	0.0016	-0.0064	0.0085
19550928	0.0016	0.0021	-0.0121
19551028	0.0018	0.0158	-0.0023
19551128	0.0017	-0.0224	-0.0004
19551228	0.0018	0.0192	-0.0173
19560128	0.0022	0.006	0.0075
19560228	0.0019	-0.0106	0.0001
19560328	0.0015	-0.0225	-0.0037
19560428	0.0019	-0.003	0.0006
19560528	0.0023	0.0168	-0.0122
19560628	0.002	-0.0145	-0.0115
19560728	0.0022	-0.0191	0.0031
19560828	0.0017	0.0224	-0.0154
19560928	0.0018	0.0169	0.0163
19561028	0.0025	-0.0019	-0.001
19561128	0.002	-0.002	0.0211
19561228	0.0024	-0.0026	-0.0204
19570128	0.0027	0.0401	0.0239
19570228	0.0024	-0.0059	-0.0032
19570328	0.0023	0.0001	-0.0031
19570428	0.0025	-0.0153	-0.0142
19570528	0.0026	-0.0107	-0.0208
19570628	0.0024	0.0025	-0.0003
19570728	0.003	-0.0039	-0.001
19570828	0.0025	0.0021	-0.0062
19570928	0.0026	0.0013	0.0092
19571028	0.0029	-0.0258	-0.019
19571128	0.0028	0.0018	-0.0214
19571228	0.0024	-0.0074	-0.0182
19580128	0.0028	0.042	0.0415
19580228	0.0012	0.01	-0.0018
19580328	0.0009	0.0077	-0.0109
19580428	0.0008	-0.0077	0.0185
19580528	0.0011	0.0204	0.0001
19580628	0.0003	-0.003	0.0058
19580728	0.0007	0.0036	0.03
19580828	0.0004	0.0117	0.0042
19580928	0.0019	-0.0033	0.0323
19581028	0.0018	0.0123	-0.0139
19581128	0.0011	0.0204	-0.0149
19581228	0.0022	-0.0162	-0.0076
19590128	0.0021	0.0289	0.0306
19590228	0.0019	0.0147	0.0116
19590328	0.0022	0.0127	-0.0011
19590428	0.002	-0.0083	-0.0111
19590528	0.0022	-0.0175	0.0118
19590628	0.0025	0.0047	0.0141
19590728	0.0025	-0.0022	0.0007
19590828	0.0019	-0.0093	-0.0003
19590928	0.0031	0.0019	0.0044
19591028	0.003	0.016	-0.0193
19591128	0.0026	0.0133	-0.0342
19591228	0.0034	-0.0074	-0.0005
19600128	0.0033	0.0219	0.028
19600228	0.0029	0.0073	-0.0202
19600328	0.0035	-0.0061	-0.0264
19600428	0.0019	0.0017	-0.0178
19600528	0.0027	0.0135	-0.0398
19600628	0.0024	-0.0033	-0.0003
19600728	0.0013	-0.0017	0.0145
19600828	0.0017	0.0044	0.0066
19600928	0.0016	-0.0077	0.0091
19601028	0.0022	-0.0354	0.0219
19601128	0.0013	0.0041	-0.0249
19601228	0.0016	-0.0151	-0.0052
19610128	0.0019	0.0068	0.0372
19610228	0.0014	0.0358	-0.0098
19610328	0.002	0.0332	-0.0099
19610428	0.0017	0.0008	0.0187
19610528	0.0018	0.0211	0.0022
19610628	0.002	-0.0245	-0.0026
19610728	0.0018	-0.0165	-0.0078
19610828	0.0014	-0.0159	-0.0044
19610928	0.0017	-0.0111	-0.0093
19611028	0.0019	-0.0185	0.0054
19611128	0.0015	0.0117	-0.0133
19611228	0.0019	-0.0133	0.0262
19620128	0.0024	0.0162	0.0543
19620228	0.002	-0.0122	0.012
19620328	0.002	0.0032	-0.0084
19620428	0.0022	-0.0101	0.0022
19620528	0.0024	-0.0287	0.0245
19620628	0.002	-0.0076	0.0306
19620728	0.0027	0.0148	-0.0382
19620828	0.0023	0.0118	-0.0122
19620928	0.0021	-0.0243	0.014
19621028	0.0026	-0.0391	0.0126
19621128	0.002	0.0238	0.0097
19621228	0.0023	-0.039	0.0035
19630128	0.0025	0.0298	0.0276
19630228	0.0023	0.0033	0.0216
19630328	0.0023	-0.0268	0.0188
19630428	0.0025	-0.0138	0.0088
19630528	0.0024	0.0101	0.0246
19630628	0.0023	-0.0018	0.0081
19630728	0.0027	-0.0045	-0.0117
19630828	0.0025	-0.0103	0.018
19630928	0.0027	-0.0021	0.0008
19631028	0.0029	-0.007	-0.002
19631128	0.0027	-0.0121	0.0162
19631228	0.0029	-0.0217	0.0005
19640128	0.003	-0.0027	0.0137
19640228	0.0026	-0.0004	0.0279
19640328	0.0031	0.0094	0.0294
19640428	0.0029	-0.0137	-0.0067
19640528	0.0026	-0.0075	0.0123
19640628	0.003	-0.0031	0.0072
19640728	0.003	0.0032	0.0075
19640828	0.0028	-0.0009	0.0027
19640928	0.0028	-0.0056	0.0172
19641028	0.0029	0.0037	0.0108
19641128	0.0029	0.0057	-0.0199
19641228	0.0031	-0.0001	-0.0277
19650128	0.0028	0.0229	0.0057
19650228	0.003	0.0321	0.0034
19650328	0.0036	0.0186	0.0118
19650428	0.0031	0.0113	0.0061
19650528	0.0031	0.0008	-0.015
19650628	0.0035	-0.0406	0.0031
19650728	0.0031	0.007	0.0219
19650828	0.0033	0.0281	-0.0087
19650928	0.0031	0.0031	0
19651028	0.0031	0.0253	0.0184
19651128	0.0035	0.0453	0.004
19651228	0.0033	0.0197	0.0206
19660128	0.0038	0.0392	0.0345
19660228	0.0035	0.0455	0.007
19660328	0.0038	0.0097	-0.0197
19660428	0.0034	0.0335	-0.0048
19660528	0.0041	-0.0422	-0.02
19660628	0.0038	0.0106	0.0061
19660728	0.0035	-0.0022	0.0088
19660828	0.0041	-0.0324	0.0036
19660928	0.004	-0.011	0.0056
19661028	0.0045	-0.0673	0.029
19661128	0.004	0.0415	-0.0458
19661228	0.004	0.0183	-0.0132
19670128	0.0043	0.0804	0.0221
19670228	0.0036	0.034	-0.0223
19670328	0.0039	0.0154	0.0044
19670428	0.0032	0.0062	-0.0265
19670528	0.0033	0.0205	0.0096
19670628	0.0027	0.0575	0.012
19670728	0.0032	0.0306	0.0246
19670828	0.0031	0.0046	0.0135
19670928	0.0032	0.0303	-0.0247
19671028	0.0039	0.0165	-0.034
19671128	0.0036	0.0021	-0.0191
19671228	0.0033	0.059	-0.0058
19680128	0.004	0.0357	0.0405
19680228	0.0039	-0.0254	0.0088
19680328	0.0038	-0.0172	-0.0022
19680428	0.0043	0.058	-0.0153
19680528	0.0045	0.0623	0.0111
19680628	0.0043	-0.0035	0.0076
19680728	0.0048	-0.0152	0.0557
19680828	0.0042	0.0245	0.0092
19680928	0.0043	0.0295	0.0015
19681028	0.0044	-0.0046	0.0279
19681128	0.0042	0.0219	-0.0083
19681228	0.0043	0.0364	-0.0013
19690128	0.0053	-0.0091	0.0144
19690228	0.0046	-0.0389	0.009
19690328	0.0046	0	-0.0067
19690428	0.0053	-0.01	0.0014
19690528	0.0048	0.0014	0.0065
19690628	0.0051	-0.053	-0.0109
19690728	0.0053	-0.032	0.0126
19690828	0.005	0.008	-0.0376
19690928	0.0062	0.0106	-0.0318
19691028	0.006	0.036	-0.0324
19691128	0.0052	-0.0263	-0.01
19691228	0.0064	-0.0406	-0.0289
19700128	0.006	0.0296	0.0298
19700228	0.0062	-0.0268	0.0406
19700328	0.0057	-0.0224	0.0412
19700428	0.005	-0.0606	0.0625
19700528	0.0053	-0.0455	0.0308
19700628	0.0058	-0.0199	0.0051
19700728	0.0052	-0.0067	0.0077
19700828	0.0053	0.0158	0.0116
19700928	0.0054	0.0866	-0.0554
19701028	0.0046	-0.043	0.0056
19701128	0.0046	-0.0413	0.018
19701228	0.0042	0.0285	0.0112
19710128	0.0038	0.0749	0.0136
19710228	0.0033	0.0182	-0.0116
19710328	0.003	0.0247	-0.0351
19710428	0.0028	-0.0081	0.0077
19710528	0.0029	-0.0113	-0.0105
19710628	0.0037	-0.0181	-0.0153
19710728	0.004	-0.0132	-0.001
19710828	0.0047	-0.0031	0.0285
19710928	0.0037	0.0051	-0.0303
19711028	0.0037	-0.0192	-0.0046
19711128	0.0037	-0.0275	-0.0193
19711228	0.0037	0.0305	0.0026
19720128	0.0029	0.0634	0.0189
19720228	0.0025	0.0138	-0.0244
19720328	0.0027	-0.0043	-0.0145
19720428	0.0029	-0.0005	0.0053
19720528	0.003	-0.0267	-0.0303
19720628	0.0029	0.0031	-0.0226
19720728	0.0031	-0.0288	0.0045
19720828	0.0029	-0.0404	0.0443
19720928	0.0034	-0.0296	0.0042
19721028	0.004	-0.027	0.0115
19721128	0.0037	-0.01	0.0477
19721228	0.0037	-0.0197	-0.0235
19730128	0.0044	-0.0348	0.0263
19730228	0.0041	-0.0375	0.0181
19730328	0.0046	-0.029	0.0249
19730428	0.0052	-0.0417	0.0533
19730528	0.0051	-0.0595	0.0031
19730628	0.0051	-0.029	0.0142
19730728	0.0064	0.0802	-0.0508
19730828	0.007	-0.0205	0.0132
19730928	0.0068	0.0298	0.0168
19731028	0.0065	-0.0031	0.0174
19731128	0.0056	-0.077	0.0386
19731228	0.0064	-0.0536	0.0353
19740128	0.0063	0.0971	0.0602
19740228	0.0058	-0.001	0.0286
19740328	0.0056	0.0248	-0.003
19740428	0.0075	-0.0085	0.01
19740528	0.0075	-0.0282	-0.0192
19740628	0.006	-0.001	0.0067
19740728	0.007	0.0096	0.0506
19740828	0.006	-0.0074	0.0254
19740928	0.0081	0.0036	0.0559
19741028	0.0051	-0.0318	-0.099
19741128	0.0054	-0.0145	0.0016
19741228	0.007	-0.0492	0.0016
19750128	0.0058	0.1064	0.0765
19750228	0.0043	0.0013	-0.047
19750328	0.0041	0.0374	0.0305
19750428	0.0044	-0.0056	-0.012
19750528	0.0044	0.0362	-0.0408
19750628	0.0041	0.0104	0.0132
19750728	0.0048	0.028	0.0186
19750828	0.0048	-0.0333	-0.0073
19750928	0.0053	0.0001	0.004
19751028	0.0056	-0.0415	0.0022
19751128	0.0041	-0.0125	0.017
19751228	0.0048	-0.0106	0.0211
19760128	0.0047	0.0489	0.0819
19760228	0.0034	0.0713	0.0578
19760328	0.004	-0.0166	0.001
19760428	0.0042	-0.0001	-0.0023
19760528	0.0037	-0.0126	-0.0143
19760628	0.0043	-0.0162	0.0061
19760728	0.0047	0.0031	0.0174
19760828	0.0042	-0.0212	0.0101
19760928	0.0044	-0.002	-0.0016
19761028	0.0041	0.0013	-0.0017
19761128	0.004	0.0225	0.0154
19761228	0.004	0.0299	0.0194
19770128	0.0036	0.0489	0.0417
19770228	0.0035	0.0108	0.0051
19770328	0.0038	0.0106	0.0097
19770428	0.0038	-0.0004	0.0347
19770528	0.0037	0.0121	0.0085
19770628	0.004	0.0202	-0.0063
19770728	0.0042	0.0201	-0.0017
19770828	0.0044	0.0149	-0.0272
19770928	0.0043	0.0109	-0.0008
19771028	0.0049	0.0138	0.0139
19771128	0.005	0.0366	0.0055
19771228	0.0049	0.0136	-0.0037
19780128	0.0049	0.0228	0.0335
19780228	0.0046	0.0356	0.0088
19780328	0.0053	0.0322	0.0142
19780428	0.0054	0.0022	-0.0366
19780528	0.0051	0.0451	-0.0074
19780628	0.0054	0.0139	0.0085
19780728	0.0056	0.003	-0.0133
19780828	0.0055	0.051	-0.003
19780928	0.0062	-0.003	0.0179
19781028	0.0068	-0.0995	0.0154
19781128	0.007	0.0296	-0.023
19781228	0.0078	0.0136	-0.0219
19790128	0.0077	0.0347	0.0234
19790228	0.0073	0.005	0.011
19790328	0.0081	0.0286	-0.0076
19790428	0.008	0.0213	0.0119
19790528	0.0082	0.0013	0.0112
19790628	0.0081	0.0132	0.0134
19790728	0.0077	0.0128	0.0197
19790828	0.0077	0.0195	-0.0126
19790928	0.0083	-0.0048	-0.0114
19791028	0.0087	-0.0341	-0.0226
19791128	0.0099	0.0255	-0.0329
19791228	0.0095	0.0436	-0.023
19800128	0.008	0.0198	0.0133
19800228	0.0089	-0.02	0.0003
19800328	0.0121	-0.0639	-0.0073
19800428	0.0126	0.0064	0.0094
19800528	0.0081	0.0219	0.0049
19800628	0.0061	0.0141	-0.0135
19800728	0.0053	0.0445	-0.0606
19800828	0.0064	0.0406	-0.0233
19800928	0.0075	0.0114	-0.044
19801028	0.0095	0.0259	-0.0259
19801128	0.0096	-0.0321	-0.0814
19801228	0.0131	-0.0029	0.0288
19810128	0.0104	0.0278	0.0671
19810228	0.0107	-0.0015	0.0111
19810328	0.0121	0.0348	0.0069
19810428	0.0108	0.0428	0.0256
19810528	0.0115	0.0156	-0.0039
19810628	0.0135	-0.0103	0.0512
19810728	0.0124	-0.0192	-0.0052
19810828	0.0128	-0.021	0.046
19810928	0.0124	-0.028	0.0551
19811028	0.0121	0.0234	-0.0395
19811128	0.0107	-0.0113	0.0186
19811228	0.0087	0.0125	0.0084
19820128	0.008	-0.012	0.034
19820228	0.0092	0.0047	0.0615
19820328	0.0098	-0.0018	0.0395
19820428	0.0113	0.0158	-0.0277
19820528	0.0106	0.0061	0.0212
19820628	0.0096	-0.0036	0.0186
19820728	0.0105	0.0077	0.0058
19820828	0.0076	-0.0414	0.0112
19820928	0.0051	0.0294	0.0024
19821028	0.0059	0.0254	-0.0386
19821128	0.0063	0.0462	-0.0215
19821228	0.0067	-0.0017	-0.0008
19830128	0.0069	0.0268	-0.006
19830228	0.0062	0.0315	0.0066
19830328	0.0063	0.0187	0.0179
19830428	0.0071	0.0036	0.0039
19830528	0.0069	0.063	-0.0165
19830628	0.0067	0.0099	-0.0386
19830728	0.0074	0.0154	0.0555
19830828	0.0076	-0.0439	0.0522
19830928	0.0076	0.0063	0.0111
19831028	0.0076	-0.0357	0.0496
19831128	0.007	0.0189	-0.0082
19831228	0.0073	-0.0031	0.0175
19840128	0.0076	-0.0047	0.0777
19840228	0.0071	-0.0169	0.0342
19840328	0.0073	0.0004	0.0022
19840428	0.0081	-0.0105	0.0136
19840528	0.0078	0.0004	0.0052
19840628	0.0075	-0.0016	-0.0232
19840728	0.0082	-0.0241	0.0024
19840828	0.0083	-0.0018	-0.0163
19840928	0.0086	-0.0015	0.0522
19841028	0.01	-0.0112	0.0052
19841128	0.0073	-0.0059	0.0398
19841228	0.0064	-0.0057	-0.0027
19850128	0.0065	0.032	-0.0497
19850228	0.0058	0.0087	0.0005
19850328	0.0062	-0.01	0.0388
19850428	0.0072	0.0005	0.0358
19850528	0.0066	-0.0249	-0.0091
19850628	0.0055	0.0058	0.0043
19850728	0.0062	0.0293	-0.0196
19850828	0.0055	-0.0042	0.0208
19850928	0.006	-0.0184	0.0113
19851028	0.0065	-0.0161	0.0055
19851128	0.0061	0.0015	-0.0292
19851228	0.0065	-0.0069	-0.0163
19860128	0.0056	0.0117	0.0011
19860228	0.0053	-0.0059	-0.0069
19860328	0.006	-0.0053	-0.0019
19860428	0.0052	0.0291	-0.0274
19860528	0.0049	-0.0118	-0.0007
19860628	0.0052	-0.0099	0.0143
19860728	0.0052	-0.034	0.0445
19860828	0.0046	-0.0429	0.0346
19860928	0.0045	0.0252	0.0342
19861028	0.0046	-0.0249	-0.0146
19861128	0.0039	-0.0214	-0.0042
19861228	0.0049	-0.0006	0.0021
19870128	0.0042	-0.0167	-0.0295
19870228	0.0043	0.037	-0.0574
19870328	0.0047	0.0041	0.0172
19870428	0.0044	-0.0166	-0.0043
19870528	0.0038	-0.0045	0.0042
19870628	0.0048	-0.0213	0.0108
19870728	0.0046	-0.0052	0.0118
19870828	0.0047	-0.0086	-0.0115
19870928	0.0045	0.0053	0.0006
19871028	0.006	-0.084	0.0417
19871128	0.0035	0.0265	0.0309
19871228	0.0039	0.0006	-0.043
19880128	0.0029	-0.0068	0.0539
19880228	0.0046	0.0328	-0.0162
19880328	0.0044	0.0621	0.0093
19880428	0.0046	0.0083	0.0152
19880528	0.0051	-0.027	0.024
19880628	0.0049	0.0187	-0.0145
19880728	0.0051	-0.0024	0.0227
19880828	0.0059	0.0006	0.0196
19880928	0.0062	-0.0125	-0.0075
19881028	0.0061	-0.0273	0.0173
19881128	0.0057	-0.0162	0.0135
19881228	0.0063	0.0189	-0.0142
19890128	0.0055	-0.0221	0.0047
19890228	0.0061	0.0285	0.008
19890328	0.0067	0.0059	0.0033
19890428	0.0067	-0.0065	-0.0167
19890528	0.0079	-0.0008	-0.0105
19890628	0.0071	-0.0096	0.0218
19890728	0.007	-0.0419	-0.0296
19890828	0.0074	0.0052	0.0067
19890928	0.0065	0.0034	-0.0132
19891028	0.0068	-0.0301	-0.0088
19891128	0.0069	-0.0128	-0.0123
19891228	0.0061	-0.0231	0.0018
19900128	0.0057	-0.01	0.01
19900228	0.0057	0.0091	0.0053
19900328	0.0064	0.0125	-0.0285
19900428	0.0069	-0.0023	-0.0231
19900528	0.0068	-0.029	-0.0387
19900628	0.0063	0.0116	-0.0222
19900728	0.0068	-0.029	-0.0036
19900828	0.0066	-0.0334	0.0163
19900928	0.006	-0.0362	0.0056
19901028	0.0068	-0.0576	0.0027
19901128	0.0057	0.0027	-0.0287
19901228	0.006	0.0088	-0.0163
19910128	0.0052	0.0358	-0.0165
19910228	0.0048	0.0387	-0.0098
19910328	0.0044	0.039	-0.0122
19910428	0.0053	0.0062	0.0152
19910528	0.0047	-0.0037	-0.0056
19910628	0.0042	0.0019	0.012
19910728	0.0049	-0.0072	-0.01
19910828	0.0046	0.0153	-0.0098
19910928	0.0046	0.0157	-0.0113
19911028	0.0042	0.0085	-0.0061
19911128	0.0039	-0.0047	-0.018
19911228	0.0038	-0.024	-0.039
19920128	0.0034	0.0849	0.0472
19920228	0.0028	0.0078	0.0662
19920328	0.0034	-0.0135	0.0359
19920428	0.0032	-0.0603	0.0437
19920528	0.0028	0.0042	0.0117
19920628	0.0032	-0.0316	0.0328
19920728	0.0031	-0.0028	-0.004
19920828	0.0026	-0.0004	-0.0107
19920928	0.0026	0.0071	-0.0009
19921028	0.0023	0.0222	-0.0206
19921128	0.0023	0.0339	-0.0166
19921228	0.0028	0.0162	0.0243
19930128	0.0023	0.0198	0.0596
19930228	0.0022	-0.0338	0.0643
19930328	0.0025	0.0049	0.0127
19930428	0.0024	-0.0049	0.0264
19930528	0.0022	0.0207	-0.0348
19930628	0.0025	-0.0023	0.0254
19930728	0.0024	0.01	0.03
19930828	0.0025	0.0012	0.0004
19930928	0.0026	0.0305	-0.0024
19931028	0.0022	0.0178	-0.023
19931128	0.0025	-0.0148	-0.0101
19931228	0.0023	0.0123	0.0027
19940128	0.0025	0.0031	0.015
19940228	0.0021	0.0266	-0.0146
19940328	0.0027	-0.0096	0.015
19940428	0.0027	-0.0086	0.0148
19940528	0.0032	-0.0201	0.0033
19940628	0.0031	-0.0044	0.0199
19940728	0.0028	-0.0173	0.0103
19940828	0.0037	0.0117	-0.0285
19940928	0.0037	0.026	-0.0135
19941028	0.0038	-0.0242	-0.0145
19941128	0.0037	-0.0014	0.0002
19941228	0.0044	0.001	0
19950128	0.0042	-0.0303	0.0254
19950228	0.004	-0.0034	0.0011
19950328	0.0046	-0.0047	-0.019
19950428	0.0044	-0.0046	0.0213
19950528	0.0054	-0.0208	0.0175
19950628	0.0047	0.0293	-0.0291
19950728	0.0045	0.022	-0.0212
19950828	0.0047	0.0171	0.0204
19950928	0.0043	-0.0219	-0.0064
19951028	0.0047	-0.0412	0.0035
19951128	0.0042	-0.008	0.0023
19951228	0.0049	0.0048	0.01
19960128	0.0043	-0.0255	0.0042
19960228	0.0039	0.0206	-0.0197
19960328	0.0039	0.0125	0.0105
19960428	0.0046	0.0502	-0.0429
19960528	0.0042	0.0324	-0.0146
19960628	0.004	-0.0399	0.0253
19960728	0.0045	-0.0359	0.0448
19960828	0.0041	0.0229	-0.0062
19960928	0.0044	-0.0085	-0.0376
19961028	0.0042	-0.0403	0.0462
19961128	0.0041	-0.0346	0.0009
19961228	0.0046	0.0314	0.0108
19970128	0.0045	-0.0158	-0.0254
19970228	0.0039	-0.0254	0.0483
19970328	0.0043	-0.0032	0.0385
19970428	0.0043	-0.0514	-0.012
19970528	0.0049	0.0462	-0.0409
19970628	0.0037	0.0136	0.0083
19970728	0.0043	-0.0237	-0.0069
19970828	0.0041	0.0744	0.009
19970928	0.0044	0.0258	-0.0038
19971028	0.0042	-0.0093	0.0253
19971128	0.0039	-0.0505	0.0105
19971228	0.0048	-0.0233	0.036
19980128	0.0043	-0.0101	-0.0167
19980228	0.0039	0.0029	-0.0123
19980328	0.0039	-0.0145	0.0192
19980428	0.0043	0.0041	0.0022
19980528	0.004	-0.0362	0.0429
19980628	0.0041	-0.034	-0.0154
19980728	0.004	-0.0451	-0.0179
19980828	0.0043	-0.0592	0.0569
19980928	0.0046	0.0002	-0.0376
19981028	0.0032	-0.0336	-0.0285
19981128	0.0031	0.0136	-0.0368
19981228	0.0038	-0.0031	-0.0495
19990128	0.0035	0.0115	-0.0616
19990228	0.0035	-0.0559	0.0166
19990328	0.0043	-0.0382	-0.0304
19990428	0.0037	0.0289	0.028
19990528	0.0034	0.0346	0.0308
19990628	0.004	0.0342	-0.0433
19990728	0.0038	0.0201	0.007
19990828	0.0039	-0.0116	-0.0126
19990928	0.0039	0.0323	-0.0318
19991028	0.0039	-0.0653	-0.0319
19991128	0.0036	0.0771	-0.0809
19991228	0.0044	0.0698	-0.0905
20000128	0.0041	0.0408	-0.0016
20000228	0.0043	-0.2149	0.1203
20000328	0.0047	-0.1669	0.0781
20000428	0.0046	-0.0753	0.0859
20000528	0.005	-0.0586	0.0538
20000628	0.004	0.1331	-0.0878
20000728	0.0048	-0.0271	0.0882
20000828	0.005	-0.006	-0.0206
20000928	0.0051	-0.021	0.0774
20001028	0.0056	-0.0378	0.0506
20001128	0.0051	-0.0335	0.1311
20001228	0.005	0.0167	0.0633
20010128	0.0054	0.0698	-0.0583
20010228	0.0039	-0.0119	0.1375
20010328	0.0044	0.0056	0.0623
20010428	0.0039	0.002	-0.0445
20010528	0.0032	0.0296	0.0279
20010628	0.0028	0.068	-0.0279
20010728	0.003	-0.04	0.0517
20010828	0.0031	0.0188	0.038
20010928	0.0028	-0.0645	0.0177
20011028	0.0022	0.0687	-0.07
20011128	0.0017	0.0051	0.0059
20011228	0.0015	0.0477	0.0098
20020128	0.0015	0.0096	0.034
20020228	0.0015	-0.0165	0.038
20020328	0.0015	0.0427	0.0095
20020428	0.0015	0.0585	0.0408
20020528	0.0015	-0.0348	0.0199
20020628	0.0015	0.033	0.0205
20020728	0.0015	-0.0532	-0.032
20020828	0.0014	-0.023	0.0242
20020928	0.0014	0.0265	0.0133
20021028	0.0014	-0.0304	-0.0646
20021128	0.0012	0.0324	-0.0204
20021228	0.0011	-0.0058	0.0408
20030128	0.001	0.0127	-0.0083
20030228	0.0009	-0.0046	-0.0144
20030328	0.001	0.0074	-0.014
20030428	0.001	0.0138	-0.003
20030528	0.0009	0.0469	0.0009
20030628	0.001	0.0145	0.0054
20030728	0.0007	0.0548	-0.0221
20030828	0.0007	0.0254	0.0184
20030928	0.0008	0.007	0.0096
20031028	0.0007	0.0284	0.0182
20031128	0.0007	0.0225	0.0129
20031228	0.0008	-0.0283	0.0279
20040128	0.0007	0.0262	0.015
20040228	0.0006	-0.0118	0.0038
20040328	0.0009	0.0182	0.0003
20040428	0.0008	-0.025	-0.0173
20040528	0.0006	-0.0014	-0.0026
20040628	0.0008	0.0227	0.017
20040728	0.001	-0.0375	0.0444
20040828	0.0011	-0.0145	0.0127
20040928	0.0011	0.0286	0.0049
20041028	0.0011	0.0054	-0.0098
20041128	0.0015	0.041	0.0196