%Date	RF	NoDur	Durbl	Manuf	Enrgy	HiTec	Telcm	Shops	Hlth	Utils	Other
19630728	0.0027	-0.0077	-0.0037	-0.0166	0.0203	-0.0098	-0.005	-0.0121	0.0029	0.0055	-0.0191
19630828	0.0025	0.047	0.0636	0.0593	0.0367	0.0488	0.0403	0.061	0.0932	0.0396	0.0508
19630928	0.0027	-0.0195	-0.0049	-0.0103	-0.0391	-0.0011	0.0208	0.0062	-0.0432	-0.0274	-0.0344
19631028	0.0029	0.0245	0.1048	0.0228	-0.0061	0.0797	0.031	0.0016	0.0314	-0.0096	0.0103
19631128	0.0027	-0.0142	-0.0544	0.0003	-0.0144	-0.0057	0.0389	-0.0151	-0.0192	-0.0129	-0.0015
19631228	0.0029	0.0253	0.003	0.0159	0.0433	0.0285	-0.0044	0.0008	0.0122	0.0211	0.0241
19640128	0.003	0.0043	0.009	0.0237	0.0456	0.0258	0.0305	0.0236	0.0342	0.011	0.0096
19640228	0.0026	0.0162	0.0135	0.0247	0.0084	0.017	-0.0055	0.0151	0.0137	0.0059	0.0501
19640328	0.0031	0.0269	0.0073	0.0338	0.0112	0.0313	-0.0126	0.0237	-0.0224	-0.0104	0.0197
19640428	0.0029	-0.0081	0.0156	-0.0197	0.0376	-0.0386	0.0051	0.0262	-0.0172	0.0075	-0.001
19640528	0.0026	0.0133	0.0127	0.0157	0.019	0.0246	-0.0065	0.0341	0.0027	0.0057	0.0222
19640628	0.003	0.0134	0.0052	0.006	0.0035	0.0015	0.0446	0.035	0.0026	0.019	0.0096
19640728	0.003	0.0143	0.0536	0.0103	0.0303	-0.0214	-0.0229	0.0114	0.0444	0.0461	0.0077
19640828	0.0028	-0.0051	0.0113	-0.0153	-0.0215	-0.0309	-0.0181	-0.0008	-0.0447	-0.0031	-0.0335
19640928	0.0028	0.0147	0.0435	0.0451	0.0279	0.0086	-0.0131	0.03	0.0248	0.0157	0.038
19641028	0.0029	-0.0045	-0.0021	0.0013	0.0275	-0.0129	-0.0117	0.0209	0.0257	0.0066	0.0135
19641128	0.0029	0.0046	-0.014	-0.0087	0.0226	-0.0047	-0.0254	0.0292	0.0187	0.0107	-0.0198
19641228	0.0031	-0.0015	0.0164	-0.0105	-0.0057	-0.0034	0.0283	-0.002	0.0408	0.0018	-0.0197
19650128	0.0028	0.0579	0.0353	0.0512	0.0024	0.0714	-0.0003	0.0296	0.0743	0.0365	0.0434
19650228	0.003	0.0126	-0.0079	0.0225	-0.0366	0.0192	0.0049	0.0129	0.021	0.0016	0.0216
19650328	0.0036	-0.0113	0.0095	-0.0149	-0.0338	-0.0086	-0.0204	-0.0132	-0.0124	-0.0088	-0.0062
19650428	0.0031	0.0394	0.0651	0.0372	0.0053	0.0487	0.0199	0.0634	0.0264	0.0032	0.0198
19650528	0.0031	-0.0114	-0.0362	-0.0089	0.0057	0.0012	0.0249	-0.0015	-0.0158	-0.0126	-0.0177
19650628	0.0035	-0.0554	-0.0714	-0.0657	-0.0233	-0.061	-0.0448	-0.0653	-0.0569	-0.0401	-0.0725
19650728	0.0031	0.0129	0.0196	0.0179	0.0149	0.0327	-0.0068	-0.0159	0.0366	0.0075	0.0282
19650828	0.0033	0.0372	0.031	0.0322	0.0123	0.0554	0.01	0.0202	0.0594	0.0059	0.0465
19650928	0.0031	0.0013	0.0684	0.0356	0.0403	0.0495	0.0079	-0.0101	0.0191	0.0105	0.016
19651028	0.0031	0.0226	0.0583	0.0406	0.0153	0.0489	-0.0258	-0.0006	0.0292	0.0076	0.0389
19651128	0.0035	0.0068	-0.0416	0.0103	0.0038	0.0239	-0.0466	0.0099	0.0343	-0.0135	0.0367
19651228	0.0033	0.0089	0.0112	0.0287	-0.0014	-0.0186	-0.0118	0.0097	0.0352	-0.0065	0.0302
19660128	0.0038	0.0153	0.0017	0.0253	0.0067	0.0097	-0.0167	-0.0428	0.0233	-0.0343	0.0472
19660228	0.0035	-0.0079	-0.0182	-0.0111	-0.038	0.0466	0.0012	-0.0226	-0.0191	-0.0452	0.017
19660328	0.0038	-0.0302	-0.034	-0.0216	-0.0262	-0.0128	-0.0523	-0.0224	-0.0201	-0.005	-0.0317
19660428	0.0034	0	-0.0021	0.0251	0.0279	0.0728	0.0092	0.0222	-0.0035	0.0084	0.0294
19660528	0.0041	-0.053	-0.0883	-0.0603	-0.0413	-0.0646	-0.034	-0.0339	-0.0569	-0.0314	-0.081
19660628	0.0038	-0.023	-0.0231	-0.0137	-0.0267	-0.0053	0.001	-0.0271	0.0059	-0.0216	0.0026
19660728	0.0035	-0.0155	-0.0292	-0.0193	0.0002	-0.0206	-0.0151	-0.0222	-0.0207	-0.0053	-0.023
19660828	0.0041	-0.0758	-0.0799	-0.0834	-0.0677	-0.0633	-0.0501	-0.0689	-0.0851	-0.0901	-0.1214
19660928	0.004	-0.0181	-0.0135	-0.0403	0.0347	-0.023	-0.0096	-0.0265	-0.0157	0.0397	-0.0213
19661028	0.0045	0.0406	-0.0009	0.0205	0.0799	-0.0015	0.0873	-0.016	0.0438	0.095	0.0253
19661128	0.004	0.0183	-0.0377	0.0234	-0.0156	0.1046	-0.0324	0.0043	0.0651	-0.0176	0.0742
19661228	0.004	-0.0007	-0.0304	0.0101	-0.0103	0.0006	0.0256	-0.0412	-0.0058	0.017	0.0153
19670128	0.0043	0.0902	0.1142	0.1074	0.0316	0.098	0.0581	0.1142	0.0604	0.0239	0.1153
19670228	0.0036	0.0168	-0.014	0.0085	-0.0044	0.0579	0.0176	0.0288	0.0102	-0.0209	-0.0081
19670328	0.0039	0.0397	0.0348	0.054	0.0322	0.0509	0.0258	0.0252	0.0747	0.0115	0.0374
19670428	0.0032	0.0425	0.108	0.034	0.0131	0.075	-0.0014	0.0878	0.0411	0.0154	0.0171
19670528	0.0033	-0.03	-0.0771	-0.0397	-0.0269	-0.047	-0.0596	-0.051	-0.056	-0.0444	-0.0221
19670628	0.0027	0.0242	0.0109	0.0185	0.0202	0.0611	0.0246	0.0347	0.0514	-0.0158	0.0317
19670728	0.0032	0.0567	0.1086	0.0472	0.0657	0.0366	-0.069	0.056	0.0348	0.0197	0.0766
19670828	0.0031	-0.012	-0.0008	-0.0075	-0.0177	-0.0132	-0.0155	0.0065	0.0033	-0.0102	-0.0072
19670928	0.0032	0.0275	0.0454	0.0279	0.0396	0.0805	0.0092	0.0175	0.026	-0.0044	0.0107
19671028	0.0039	-0.0306	-0.0522	-0.049	-0.0141	0.0448	-0.0388	0.0028	-0.0541	-0.0581	-0.0569
19671128	0.0036	0.0022	-0.0128	0.0026	0.0038	0.0107	-0.0028	-0.0004	0.0095	0.028	-0.0049
19671228	0.0033	0.0284	0.006	0.0491	0.0272	0.018	-0.002	0.0317	0.0129	0.029	0.0514
19680128	0.004	-0.01	-0.0569	-0.0679	-0.0121	-0.0912	0.0228	0.0098	-0.0689	-0.0018	-0.0242
19680228	0.0039	-0.0303	-0.0264	-0.0467	-0.031	-0.0498	-0.028	-0.0114	-0.0464	-0.0187	-0.0379
19680328	0.0038	0.0031	0.0026	0.0047	0.0035	0.0385	-0.0151	0.025	-0.0029	-0.0431	-0.0075
19680428	0.0043	0.1046	0.1128	0.1017	0.0525	0.12	0.0175	0.1176	0.1147	0.0205	0.1147
19680528	0.0045	0.0462	-0.0084	0.0274	0.0077	0.0335	-0.0119	0.0324	0.0293	-0.0001	0.0562
19680628	0.0043	0.0061	-0.0171	-0.0057	0.0137	-0.0242	0.0375	0.0006	0.018	0.0801	0.0263
19680728	0.0048	-0.0426	-0.0345	-0.045	0.0472	-0.0602	-0.0068	-0.0516	-0.0459	-0.003	-0.035
19680828	0.0042	0.0235	0.0082	0.029	0.0086	0.0013	0.0086	0.0208	0.0025	-0.0129	0.0234
19680928	0.0043	0.0446	0.0621	0.0412	0.0311	0.0251	0.0254	0.0708	0.0041	-0.0017	0.0867
19681028	0.0044	0.0037	0.0425	0.0053	0.021	-0.0534	0.0273	0.0034	-0.0049	0.0005	0.0064
19681128	0.0042	0.0429	-0.0072	0.0538	0.0527	0.0818	0.0497	0.0483	0.077	0.0838	0.0725
19681228	0.0043	-0.0144	-0.049	-0.038	-0.0295	-0.0577	-0.071	-0.0435	-0.0144	-0.0334	-0.0404
19690128	0.0053	-0.0179	-0.0226	-0.0099	-0.0166	-0.052	0.0064	-0.0147	-0.0077	0.019	0.0018
19690228	0.0046	-0.0703	-0.0383	-0.062	-0.0507	-0.0407	-0.0378	-0.0451	-0.0563	-0.0566	-0.089
19690328	0.0046	0.0026	0.0469	0.0214	0.0648	0.0498	-0.0089	0.0443	0.0286	-0.0175	0.003
19690428	0.0053	0.0055	0.0053	0.0084	-0.0085	0.0342	0.0721	0.0346	0.0445	0.008	0.0094
19690528	0.0048	0.0075	-0.0029	-0.0137	0.0321	-0.0216	0.0059	0.0003	0.012	-0.0046	-0.0177
19690628	0.0051	-0.0776	-0.0642	-0.0746	-0.1025	-0.0067	-0.045	-0.0678	-0.0557	-0.0624	-0.1064
19690728	0.0053	-0.0736	-0.075	-0.0596	-0.1018	-0.0593	-0.0503	-0.0801	-0.0326	-0.035	-0.1016
19690828	0.005	0.0451	0.0214	0.0368	0.0608	0.065	0.0116	0.0785	0.0879	-0.018	0.0842
19690928	0.0062	-0.0028	-0.0063	-0.0268	-0.1024	-0.0042	-0.0462	-0.0152	0.0146	-0.0476	-0.0116
19691028	0.006	0.0774	0.0323	0.0612	-0.0162	0.0518	0.0289	0.0652	0.0838	0.0768	0.0707
19691128	0.0052	-0.0288	-0.0492	-0.0394	-0.0505	-0.0231	0.0066	-0.0457	-0.0019	-0.0579	-0.0623
19691228	0.0064	-0.0259	-0.041	-0.0204	-0.0367	-0.0138	-0.0616	-0.0363	0.0366	-0.0128	-0.0439
19700128	0.006	-0.0487	-0.0878	-0.0793	-0.1203	-0.0966	-0.0314	-0.0653	-0.077	-0.0482	-0.094
19700228	0.0062	0.0403	0.049	0.0451	0.0479	0.0234	0.0733	0.0522	0.0495	0.0774	0.0874
19700328	0.0057	-0.0141	0.0449	-0.0085	-0.0101	-0.0314	0.0174	-0.0188	-0.0564	0.0234	-0.0257
19700428	0.005	-0.1062	-0.092	-0.0945	-0.0966	-0.1482	-0.0927	-0.1126	-0.1062	-0.0854	-0.1438
19700528	0.0053	-0.0796	-0.0703	-0.0805	0.0212	-0.1007	-0.0426	-0.0984	-0.0831	-0.0588	-0.0874
19700628	0.0058	-0.02	-0.0464	-0.0542	-0.0311	-0.1234	-0.0907	-0.0442	-0.0108	-0.0528	-0.0748
19700728	0.0052	0.0608	0.1017	0.0459	0.1217	0.0183	0.0974	0.1046	0.0163	0.0818	0.0715
19700828	0.0053	0.0092	0.0769	0.0405	0.0602	0.0747	0.0198	0.0435	0.0127	0.0414	0.0484
19700928	0.0054	0.0492	0.0207	0.035	0.0265	0.0961	-0.015	0.0709	0.075	-0.0106	0.0711
19701028	0.0046	0.0023	-0.0236	-0.0362	0.0241	-0.0395	-0.0421	-0.0187	-0.0022	-0.0128	-0.066
19701128	0.0046	0.0437	0.0655	0.0342	0.0444	0.036	0.0566	0.0584	0.0246	0.0892	0.0368
19701228	0.0042	0.0695	0.0575	0.0756	0.0187	0.0399	0.0644	0.0502	0.0496	0.0676	0.08
19710128	0.0038	0.0444	0.034	0.0553	-0.0002	0.0501	0.094	0.0731	0.0448	0.0256	0.0771
19710228	0.0033	0.0344	0.0195	0.0088	0.0443	0.0246	-0.0564	0.0332	0.0106	-0.0291	0.0195
19710328	0.003	0.0419	0.0305	0.0378	0.0246	0.0776	0.0039	0.0573	0.0336	0.0211	0.0601
19710428	0.0028	0.0184	0.0836	0.0397	0.0401	0.0203	0.0053	0.0439	0.0394	-0.0381	0.0427
19710528	0.0029	-0.033	-0.0472	-0.0252	-0.0497	-0.0642	-0.0549	-0.0251	-0.0239	-0.04	-0.0465
19710628	0.0037	-0.0054	-0.0108	-0.0001	0.0064	-0.0254	0.0068	-0.0026	0.0162	0.0392	-0.0138
19710728	0.004	-0.0254	-0.0589	-0.0529	-0.026	-0.0899	-0.0401	-0.0356	-0.0265	-0.0253	-0.0445
19710828	0.0047	0.0262	0.1026	0.0588	-0.0164	0.0523	-0.0079	0.0568	0.028	-0.0279	0.0651
19710928	0.0037	-0.0041	-0.0049	-0.0068	-0.0203	-0.0192	-0.0014	0.0031	0.0028	-0.0187	-0.0086
19711028	0.0037	-0.047	-0.0559	-0.0644	-0.0464	-0.0473	-0.0211	-0.0415	-0.0287	0.0169	-0.0427
19711128	0.0037	-0.0072	-0.0005	-0.0135	-0.0028	0.0141	0.0001	-0.0031	0.0021	-0.0158	-0.0053
19711228	0.0037	0.1012	0.0581	0.0951	0.0843	0.1087	0.0698	0.0943	0.0754	0.0772	0.0802
19720128	0.0029	0.0222	0.0282	0.0298	-0.0003	0.0812	0.0063	-0.0038	0.0231	-0.0058	0.0325
19720228	0.0025	0.0435	0.0058	0.0471	0.0238	0.0163	-0.0012	0.0547	0.0688	-0.0275	0.0173
19720328	0.0027	-0.0017	0.0401	0.0219	-0.0575	0.0082	-0.0059	0.0174	0.0017	-0.0043	0.0216
19720428	0.0029	0.0163	-0.0089	0.0171	-0.0094	0.0045	-0.0134	-0.0082	0.0079	-0.031	0.0147
19720528	0.003	0.001	-0.0133	0.016	0.0333	0.0341	0.0087	0.0086	0.0321	-0.0048	-0.008
19720628	0.0029	-0.0141	-0.0309	-0.0255	-0.0122	-0.0283	-0.0302	-0.044	0.0222	-0.0183	-0.0474
19720728	0.0031	-0.0187	-0.0241	0.0017	-0.0143	0.0066	0.0044	-0.0284	0.0282	-0.0027	-0.0315
19720828	0.0029	-0.0045	0.0357	0.0201	0.1208	0.0255	0.0487	-0.0041	0.0076	0.0566	0.0319
19720928	0.0034	-0.0299	-0.0122	-0.0157	-0.0058	-0.015	0.0399	-0.0097	-0.0078	-0.0015	-0.02
19721028	0.004	-0.0034	-0.0286	0.0076	0.0265	-0.0371	0.0191	0.0066	0.011	0.0635	0.0058
19721128	0.0037	0.0644	0.0754	0.0384	0.0587	0.0214	0.0673	0.0577	-0.0093	0.0603	0.0471
19721228	0.0037	0.0014	0.013	0.0056	0.0067	0.0162	0.011	0.0132	0.0337	-0.0191	-0.0108
19730128	0.0044	-0.0522	-0.0703	-0.0414	0.0457	0.0151	-0.0254	-0.0482	-0.0163	-0.047	-0.0785
19730228	0.0041	-0.0478	-0.0617	-0.0268	-0.0774	-0.0342	-0.0501	-0.0666	-0.0112	-0.0238	-0.0657
19730328	0.0046	-0.0148	-0.0336	-0.0068	0.0261	-0.0166	0.001	-0.0589	0.0032	-0.0261	-0.0078
19730428	0.0052	-0.0667	-0.0559	-0.0495	-0.0149	-0.0719	0.0039	-0.0867	-0.0601	-0.0111	-0.0828
19730528	0.0051	-0.0256	-0.0476	-0.0165	-0.0403	-0.0308	-0.0132	-0.0246	0.0056	-0.0016	-0.0568
19730628	0.0051	-0.0394	-0.0301	-0.0089	0.0111	-0.0059	-0.0082	-0.06	-0.005	-0.0297	-0.0073
19730728	0.0064	0.0679	0.0667	0.06	-0.0027	0.0433	-0.0106	0.1058	0.0622	-0.0303	0.0878
19730828	0.007	-0.0401	-0.0472	-0.0212	-0.0447	-0.0439	-0.0463	-0.049	-0.076	-0.028	-0.0296
19730928	0.0068	0.0519	0.0691	0.0386	0.0859	-0.0354	0.0735	0.0675	0.001	0.0721	0.0654
19731028	0.0065	-0.0288	-0.0505	-0.0019	0.0446	0.032	-0.0616	-0.036	0.0118	-0.0404	-0.0181
19731128	0.0056	-0.1479	-0.1664	-0.1483	-0.0687	-0.1197	-0.0482	-0.1926	-0.0832	-0.1215	-0.1386
19731228	0.0064	-0.022	-0.0459	0.0066	0.0804	-0.0496	0.0393	-0.0057	-0.0511	0.0276	0.017
19740128	0.0063	0.0186	0.0572	-0.0019	-0.0812	0.0061	0.0137	0.0584	-0.0317	0.0394	0.0059
19740228	0.0058	-0.0059	-0.0153	-0.0057	-0.0215	-0.0117	0.0417	0.0075	-0.018	-0.0028	0.0035
19740328	0.0056	-0.0246	-0.0062	-0.0134	-0.0376	-0.0332	-0.0513	-0.0342	0.0065	-0.042	-0.0437
19740428	0.0075	-0.044	-0.049	-0.0278	-0.0697	-0.0444	-0.0606	-0.0297	-0.0224	-0.1295	-0.071
19740528	0.0075	-0.0367	-0.0021	-0.0329	-0.0813	-0.0498	-0.0227	0.0016	-0.0088	-0.0567	-0.0926
19740628	0.006	-0.0118	-0.0309	-0.0104	-0.01	-0.035	-0.0029	-0.0351	-0.0221	-0.068	-0.0604
19740728	0.007	-0.1091	-0.1258	-0.0785	-0.0122	-0.0893	-0.0833	-0.1336	-0.1484	0.0006	-0.0726
19740828	0.006	-0.1073	-0.0733	-0.1076	-0.0914	-0.0547	-0.0061	-0.1346	-0.0864	-0.0921	-0.1117
19740928	0.0081	-0.1297	-0.1371	-0.1364	-0.0877	-0.1759	-0.046	-0.1317	-0.1636	-0.0211	-0.1021
19741028	0.0051	0.1518	0.0381	0.1551	0.2021	0.1418	0.1034	0.104	0.2907	0.1246	0.1948
19741128	0.0054	-0.0437	-0.0518	-0.0641	-0.0484	-0.055	-0.0363	-0.059	-0.0176	-0.0068	-0.0332
19741228	0.007	-0.0124	-0.0466	-0.0516	0.0008	-0.0589	0.0089	-0.0449	-0.0402	-0.0153	-0.0482
19750128	0.0058	0.1811	0.211	0.1392	0.0634	0.1476	0.1049	0.2608	-0.0129	0.1836	0.1688
19750228	0.0043	0.0361	0.0437	0.0754	0.0185	0.1267	0.0472	0.045	0.1559	0.0045	0.0235
19750328	0.0041	0.0662	0.0636	0.0469	-0.0277	0.005	-0.013	0.0985	0.009	-0.0172	0.0368
19750428	0.0044	0.0247	0.0388	0.0909	0.067	0.0505	-0.0142	0.0237	0.0021	-0.0202	0.0273
19750528	0.0044	0.0487	0.0207	0.0233	0.1189	0.0552	0.0307	0.0392	0.0608	0.0803	0.0515
19750628	0.0041	0.0474	0.0985	0.0313	0.0576	0.0188	0.0362	0.0675	0.0055	0.1036	0.0574
19750728	0.0048	-0.0586	-0.025	-0.0639	-0.0473	-0.0991	-0.0469	-0.0795	-0.1251	-0.0526	-0.0661
19750828	0.0048	-0.0349	-0.0406	-0.0126	-0.014	-0.0345	-0.0404	-0.0036	-0.038	-0.0172	-0.0585
19750928	0.0053	-0.0313	-0.0279	-0.0631	-0.0167	-0.0137	-0.0179	-0.0435	-0.0704	-0.0152	-0.0679
19751028	0.0056	0.1003	0.0833	0.0508	-0.0187	0.0783	0.0626	0.0923	0.1011	0.0602	0.0329
19751128	0.0041	0.0367	0.0308	0.0264	-0.0205	0.0463	0.0386	0.0378	0.0473	0.0275	0.0324
19751228	0.0048	-0.0195	-0.0102	-0.0179	-0.0038	-0.0172	-0.0059	-0.0349	-0.0682	0.0086	-0.0068
19760128	0.0047	0.1038	0.1517	0.164	0.0801	0.178	0.09	0.0914	0.0727	0.0782	0.1231
19760228	0.0034	-0.0139	0.0348	0.0143	-0.0344	0.0082	0.0324	0.041	-0.0685	-0.0387	0.0284
19760328	0.004	0.0026	0.0318	0.0073	0.0682	0.0249	0.0018	0.033	0.0612	0.0104	0.0151
19760428	0.0042	-0.0206	0.0123	-0.0182	0.0184	-0.0383	0.0131	-0.0471	-0.0474	0.0022	-0.0206
19760528	0.0037	-0.0248	-0.0352	-0.0155	0.0505	0.0013	-0.0332	-0.0596	-0.0317	-0.0187	-0.0205
19760628	0.0043	0.032	0.0375	0.0327	0.0463	0.0776	0.0313	0.0081	0.0325	0.0381	0.0515
19760728	0.0047	0.0108	-0.0157	-0.0232	-0.0108	-0.027	0.0078	-0.0288	-0.0085	0.0236	-0.0039
19760828	0.0042	-0.0073	-0.018	-0.0212	-0.0129	-0.0129	0.0432	0.025	0.0175	0.0254	-0.0162
19760928	0.0044	0.0107	0.0404	0.006	0.0548	0.0242	0.0116	0.001	0.0319	0.0364	0.0041
19761028	0.0041	-0.0201	-0.016	-0.0371	-0.0283	-0.049	0.0088	-0.007	-0.0415	-0.0121	-0.0101
19761128	0.004	0.0134	-0.0111	-0.0082	0.0042	0.0125	0.0274	0.0405	-0.1011	0.0273	0.0183
19761228	0.004	0.0481	0.092	0.055	0.0595	0.0345	0.0303	0.0227	0.0586	0.0609	0.0781
19770128	0.0036	-0.0435	-0.0465	-0.0631	-0.0006	-0.0421	-0.0025	-0.0757	-0.0918	0.0048	-0.0438
19770228	0.0035	-0.0175	-0.0386	-0.01	-0.0332	-0.0099	0.0065	-0.0203	-0.0055	-0.0374	-0.0208
19770328	0.0038	-0.0175	-0.0377	-0.0074	-0.0245	-0.0041	-0.0142	-0.0307	-0.0218	-0.0018	-0.0038
19770428	0.0038	0.001	0.0267	0.0019	0.022	-0.0383	0.0029	-0.0382	-0.0557	0.0157	0.0193
19770528	0.0037	-0.0128	-0.0088	-0.0333	-0.0077	-0.0188	0.0107	-0.0345	-0.0226	0.013	-0.0105
19770628	0.004	0.0414	0.0378	0.0295	0.0568	0.0735	0.0151	0.057	0.0862	0.0529	0.0484
19770728	0.0042	0.0084	-0.0277	-0.0405	-0.0225	-0.006	-0.0128	-0.0116	-0.0265	0.0045	-0.0064
19770828	0.0044	-0.0034	-0.0121	-0.0168	-0.062	0.0004	-0.027	0.0403	0.0339	-0.0367	-0.0176
19770928	0.0043	-0.0023	0.0119	-0.0141	0.003	-0.022	0.0306	-0.0135	-0.0132	0.0158	-0.0041
19771028	0.0049	-0.0385	-0.0491	-0.0507	-0.0403	-0.0371	-0.0555	-0.0354	-0.0224	-0.0362	-0.0493
19771128	0.005	0.0405	0.0133	0.0382	0.0301	0.0474	0.0167	0.0518	0.0558	0.0377	0.0588
19771228	0.0049	-0.0049	-0.0118	0.0023	0.0136	0.0189	0.0166	-0.0182	0.0012	-0.0081	0.0016
19780128	0.0049	-0.0574	-0.0732	-0.0648	-0.0743	-0.0524	-0.0465	-0.0766	-0.0236	-0.0501	-0.057
19780228	0.0046	-0.0032	-0.0005	-0.0316	-0.0153	-0.0392	0.0367	-0.0108	-0.0345	-0.0088	-0.0052
19780328	0.0053	0.0363	0.054	0.0338	0.016	-0.0117	0.0207	0.0216	0.0365	0.0193	0.0493
19780428	0.0054	0.0633	0.0887	0.1091	0.0623	0.127	0.0236	0.1065	0.0868	-0.0038	0.0866
19780528	0.0051	0.0378	-0.0063	0.0356	0.0043	0.0112	-0.0091	0.0023	0.0467	0.0019	0.0227
19780628	0.0054	-0.0082	-0.0337	-0.0202	-0.0426	-0.009	-0.0207	-0.0236	0.0058	0.0031	-0.0091
19780728	0.0056	0.03	0.0398	0.0731	0.0283	0.0802	0.0086	0.05	0.083	0.0226	0.0587
19780828	0.0055	0.036	0.0221	0.0334	0.0461	0.0545	0.03	0.0512	0.0046	-0.0011	0.0579
19780928	0.0062	-0.0104	-0.0094	-0.0271	0.0404	-0.0478	0.0062	-0.0342	-0.0336	-0.0085	-0.0179
19781028	0.0068	-0.122	-0.1173	-0.1199	-0.1131	-0.1148	-0.0513	-0.1439	-0.1354	-0.0777	-0.1487
19781128	0.007	0.0152	-0.0003	0.0218	0.0542	0.0438	0.0228	0.0143	0.0448	0.0231	0.0192
19781228	0.0078	0.0089	-0.0124	0.0065	0.0195	0.0563	-0.0069	-0.0159	0.0261	-0.0203	0.0058
19790128	0.0077	0.0338	0.0393	0.0572	0.025	0.035	0.0288	0.0549	0.0066	0.0562	0.0509
19790228	0.0073	-0.0422	-0.0405	-0.052	-0.0026	-0.0402	-0.0135	-0.0489	-0.0523	-0.0235	-0.04
19790328	0.0081	0.0328	0.0547	0.0654	0.0846	0.0675	-0.0067	0.0502	0.0423	0.0152	0.0744
19790428	0.008	-0.0061	0.0212	-0.0127	0.0353	-0.005	-0.0297	-0.0009	-0.0036	-0.0353	0.0076
19790528	0.0082	-0.0261	-0.0148	-0.0312	-0.0328	-0.0275	-0.0071	-0.0349	-0.0344	0.0064	-0.0103
19790628	0.0081	0.0242	0.0221	0.0272	0.0837	-0.0037	0.0107	0.0194	0.04	0.0415	0.0623
19790728	0.0077	0.013	0.0089	0.0121	0.0095	-0.0228	-0.0088	0.0023	-0.0063	0.0131	0.0263
19790828	0.0077	0.0679	0.039	0.0692	0.0712	0.0515	0.0076	0.0809	0.0781	0.0126	0.0498
19790928	0.0083	-0.0271	-0.0042	-0.0154	0.0508	-0.0261	-0.0323	-0.0162	-0.0138	-0.0301	-0.0156
19791028	0.0087	-0.085	-0.1024	-0.0971	-0.0345	-0.0861	-0.0591	-0.0999	-0.0521	-0.0666	-0.1095
19791128	0.0099	0.0417	-0.0377	0.0371	0.0798	0.0715	0.0301	0.028	0.0776	0.0672	0.0612
19791228	0.0095	0.0241	0.0254	0.0351	0.0144	0.0079	-0.0251	0.0213	0.0113	-0.0197	0.0316
19800128	0.008	0.0233	0.0799	0.0626	0.1323	0.0652	-0.0287	0.005	-0.0207	0.007	0.0458
19800228	0.0089	-0.0576	-0.0716	-0.0338	0.1196	-0.0445	-0.0236	-0.0552	-0.0549	-0.0432	-0.0435
19800328	0.0121	-0.0941	-0.0972	-0.1292	-0.1902	-0.1384	-0.0377	-0.0981	-0.0407	-0.0769	-0.134
19800428	0.0126	0.0517	-0.0271	0.0193	0.0544	-0.0053	0.0608	0.0203	0.03	0.1085	0.0485
19800528	0.0081	0.0714	0.0338	0.0542	0.0329	0.0396	0.0417	0.0994	0.0616	0.0376	0.0721
19800628	0.0061	0.0234	0.0238	0.0169	0.051	0.0246	-0.0121	0.0155	-0.0039	0.039	0.0462
19800728	0.0053	0.0719	0.1094	0.103	0.0159	0.1495	0.0047	0.0983	0.0835	-0.0063	0.0641
19800828	0.0064	0.0076	0.0095	0.0095	0.0299	0.0298	0.0566	0.0102	-0.0032	-0.0181	0.0217
19800928	0.0075	-0.0051	-0.0002	0.0203	0.0578	0.012	-0.0237	-0.0017	0.0286	-0.0061	0.0328
19801028	0.0095	-0.0062	-0.0233	-0.0051	0.0665	0.0101	-0.0422	-0.0223	-0.0217	0.0095	0.0066
19801128	0.0096	0	0.0345	0.0741	0.2331	0.0881	-0.0089	0.0149	0.0787	0.0632	0.0676
19801228	0.0131	-0.0032	-0.0237	-0.0337	-0.1186	-0.0247	-0.0056	-0.0261	0.0325	-0.0316	-0.0127
19810128	0.0104	0.0099	-0.0263	-0.0291	-0.1124	-0.0907	0.0454	-0.0005	-0.0264	-0.0352	-0.0443
19810228	0.0107	0.0141	0.0515	0.0329	-0.0148	-0.0057	0.0107	0.0194	0.0077	-0.0233	0.0063
19810328	0.0121	0.057	0.058	0.0473	-0.0345	0.0369	-0.0011	0.1113	0.0459	0.0181	0.0722
19810428	0.0108	0.0007	0.0062	-0.02	-0.0841	-0.0099	0.0515	0.0164	0.0194	-0.0367	-0.0016
19810528	0.0115	0.0149	0.0172	-0.0152	-0.05	0.0301	0.0597	0.0147	0.0227	0.007	0.0167
19810628	0.0135	-0.0161	-0.0539	-0.0262	0.033	-0.0796	-0.0328	-0.0303	-0.0692	0.0217	-0.0259
19810728	0.0124	-0.0182	-0.0431	-0.041	0.0663	-0.0504	-0.0087	-0.0491	-0.0514	0.0156	-0.0385
19810828	0.0128	-0.0634	-0.0879	-0.0816	-0.0762	-0.0859	-0.0208	-0.068	-0.09	-0.0211	-0.0677
19810928	0.0124	-0.0339	-0.0441	-0.0838	-0.1338	-0.051	0.0163	-0.0527	-0.0253	-0.0675	-0.0647
19811028	0.0121	0.0629	-0.0494	0.0245	0.0841	0.0393	0.0478	0.052	0.0674	0.0368	0.0603
19811128	0.0107	0.0157	0.0361	0.0345	0.0584	0.0046	0.0161	0.0029	0.0285	0.0487	0.0393
19811228	0.0087	-0.0268	-0.0062	-0.0252	-0.0723	-0.0087	-0.0231	-0.0287	-0.0159	-0.0322	-0.0466
19820128	0.008	-0.0169	0.0017	-0.0411	-0.0914	0.02	-0.0011	-0.0104	0.0062	-0.0139	-0.0391
19820228	0.0092	-0.028	-0.0275	-0.0652	-0.1192	-0.0618	-0.0662	-0.0234	-0.027	-0.0115	-0.0481
19820328	0.0098	0.0145	0.0314	-0.0274	-0.0457	-0.0451	0.0111	0.0304	-0.0347	0.0073	-0.0221
19820428	0.0113	0.0553	0.0352	0.0211	0.0309	0.0627	-0.014	0.0402	0.0625	0.0272	0.0264
19820528	0.0106	-0.043	-0.0264	-0.0575	0.0117	-0.0645	-0.0199	-0.0412	-0.0409	-0.0156	-0.0646
19820628	0.0096	0.0077	0.0182	-0.0353	-0.0714	-0.033	-0.0347	0.0183	-0.0172	-0.0312	-0.0332
19820728	0.0105	-0.015	-0.0125	-0.0334	-0.0894	0.0046	0.0016	-0.008	-0.0026	-0.0363	-0.0414
19820828	0.0076	0.0837	0.1252	0.132	0.0906	0.1207	0.1008	0.1216	0.1161	0.1126	0.1035
19820928	0.0051	0.0468	-0.0104	-0.016	0.0127	0.0063	0.0044	0.039	0.0085	0.0055	0.0372
19821028	0.0059	0.0979	0.1589	0.1245	0.0506	0.1642	0.0748	0.1609	0.076	0.0414	0.1524
19821128	0.0063	0.045	0.0751	0.0515	-0.0486	0.1006	0.0529	0.1035	0.0456	-0.0046	0.0696
19821228	0.0067	0.0026	0.0243	0.0003	0.0472	0.0202	-0.019	-0.0208	-0.0009	0.0365	-0.0229
19830128	0.0069	-0.0168	0.0421	0.0431	0.0298	0.0766	0.1185	0.0055	0.0076	0.0297	0.0217
19830228	0.0062	0.0314	0.0272	0.0347	-0.0096	0.0291	-0.0105	0.0729	0.0223	0.0097	0.0391
19830328	0.0063	0.068	-0.0139	0.0146	0.0511	0.0006	-0.0005	0.0754	0.0388	-0.0035	0.0448
19830428	0.0071	0.055	0.102	0.0565	0.0865	0.0689	0.0445	0.0794	0.0433	0.0402	0.0752
19830528	0.0069	-0.0166	-0.0272	0.0129	0.0053	0.0201	-0.0209	-0.0028	-0.0342	0.0181	0.0172
19830628	0.0067	0.0228	0.0919	0.0089	0.0596	0.0544	-0.0058	0.0487	0.0625	-0.0127	0.0116
19830728	0.0074	-0.0358	-0.0431	-0.0331	-0.0324	-0.0606	-0.0591	-0.0411	-0.0636	0.003	-0.0431
19830828	0.0076	0.0014	-0.034	-0.0017	0.0597	-0.0185	0.0146	-0.0577	-0.0184	0.0075	-0.0161
19830928	0.0076	0.0401	0.038	0.0154	-0.0531	0.0136	0.0151	0.0167	0.0055	0.0392	0.0071
19831028	0.0076	-0.0096	-0.0023	-0.0308	-0.03	-0.0769	-0.0594	-0.0231	-0.0294	0.0232	-0.0487
19831128	0.007	0.0161	0.033	0.0576	-0.0091	0.0157	0.0246	0.037	-0.0376	-0.0233	0.0403
19831228	0.0073	-0.0101	0.0035	-0.0182	0.012	-0.0036	-0.0228	-0.0528	-0.0432	-0.0445	-0.0168
19840128	0.0076	-0.0137	-0.0594	-0.0425	0.0895	-0.0697	0.0341	-0.0657	-0.0131	0.0068	-0.024
19840228	0.0071	-0.0623	-0.0685	-0.0733	0.0287	-0.066	-0.0433	-0.054	-0.0272	-0.0405	-0.0558
19840328	0.0073	0.0098	-0.004	0.0257	-0.0045	0.0106	-0.0498	0.0058	-0.0144	-0.0106	0.0163
19840428	0.0081	-0.0018	0.0032	-0.0094	0.0322	-0.0125	0.0136	-0.0069	0.0152	-0.0134	-0.0284
19840528	0.0078	-0.0335	-0.0613	-0.0657	-0.0591	-0.0635	-0.0429	-0.0631	-0.0724	-0.015	-0.0752
19840628	0.0075	0.0559	0.014	0.0244	-0.027	0.0097	0.1137	0.0632	0.0308	-0.0028	0.0154
19840728	0.0082	-0.0231	0.0132	-0.023	-0.0809	-0.0321	0.0197	-0.007	-0.0461	-0.0083	-0.0267
19840828	0.0083	0.0788	0.0901	0.1108	0.1315	0.1313	0.059	0.0907	0.096	0.0693	0.1024
19840928	0.0086	0.0043	-0.0109	-0.0341	0.013	-0.0479	0.0204	-0.0086	-0.0527	0.0397	0.0138
19841028	0.01	0.0026	0.0112	-0.0045	-0.0536	-0.0146	-0.0182	-0.0162	0.0065	0.0236	-0.0027
19841128	0.0073	-0.0032	-0.0382	-0.0204	-0.0172	-0.0451	-0.0097	-0.0335	-0.008	0.0233	-0.0115
19841228	0.0064	0.0211	0.0392	0.0152	-0.0107	0.0189	0.0448	0.0055	0.0208	0.02	0.0282
19850128	0.0065	0.0441	0.0942	0.0781	0.0588	0.1184	0.0516	0.1222	0.0766	0.0172	0.091
19850228	0.0058	0.0462	-0.0201	0.0076	0.0307	-0.0186	0.021	0.015	0.03	0.0078	0.0149
19850328	0.0062	0.0385	-0.0608	-0.0342	0.0087	-0.0664	0.048	-0.015	0.0247	0.0546	-0.0064
19850428	0.0072	-0.0279	-0.0435	-0.0216	0.0313	-0.0432	0.0016	-0.0091	-0.0252	0.0089	0.0078
19850528	0.0066	0.0739	0.0457	0.054	0.0044	0.0219	0.0599	0.0876	0.0884	0.0468	0.0569
19850628	0.0055	0.0215	0.0091	0.0095	-0.0115	-0.0126	0.0353	0.0107	0.0172	0.0315	0.0238
19850728	0.0062	-0.0314	0.0169	0.0284	-0.0111	0.0378	-0.0514	-0.0424	-0.0107	-0.0526	-0.0092
19850828	0.0055	0.0024	-0.0311	-0.0168	0.0068	-0.0308	-0.0002	-0.015	-0.0136	0.0136	-0.0085
19850928	0.006	-0.0152	-0.0395	-0.0458	-0.021	-0.0528	-0.0481	-0.0517	-0.0449	-0.0594	-0.0518
19851028	0.0065	0.03	0.0024	0.0264	0.0539	0.0235	0.0343	0.061	0.0256	0.0566	0.0564
19851128	0.0061	0.0783	0.0929	0.0738	-0.0026	0.0803	0.0679	0.0762	0.0867	0.0362	0.0624
19851228	0.0065	0.0475	0.0646	0.0382	-0.0282	0.0768	0.0541	0.0396	0.0287	0.0416	0.0335
19860128	0.0056	0.0159	0.0158	0.0101	-0.0724	-0.0085	-0.0438	0.0125	0.0054	0.0323	0.0246
19860228	0.0053	0.1007	0.1035	0.0975	0.0015	0.0438	0.0685	0.0721	0.0555	0.0606	0.0763
19860328	0.006	0.0753	0.0718	0.0542	0.0012	-0.0066	0.0325	0.0802	0.1146	0.0334	0.0493
19860428	0.0052	-0.0029	-0.0388	-0.022	0.0029	0.0331	0.0197	-0.0078	0.0019	-0.0445	-0.0287
19860528	0.0049	0.0822	0.0271	0.0395	0.0657	0.0047	0.0434	0.0907	0.0679	0.031	0.0437
19860628	0.0052	0.0565	-0.0175	-0.0058	-0.0221	-0.0434	0.049	0.0265	0.0509	0.0453	0.0095
19860728	0.0052	-0.0618	-0.0964	-0.0809	-0.0593	-0.0885	-0.0351	-0.1001	-0.0591	0.0463	-0.0682
19860828	0.0046	0.0252	0.0702	0.0602	0.1598	0.0651	0.0638	0.0172	0.0353	0.0744	0.0653
19860928	0.0045	-0.1136	-0.0861	-0.07	-0.0081	-0.074	-0.0988	-0.088	-0.1306	-0.0954	-0.0912
19861028	0.0046	0.0838	0.0604	0.0603	0.0157	0.0011	0.0417	0.0708	0.0751	0.0474	0.035
19861128	0.0039	0.0024	0.0441	0.0207	0.0254	0.0318	0.036	0.012	0.0094	0.0016	-0.0093
19861228	0.0049	-0.0387	-0.0288	-0.0229	-0.0059	-0.0416	-0.0419	-0.0666	-0.0173	-0.0378	-0.0289
19870128	0.0042	0.1485	0.182	0.1433	0.1385	0.1593	0.0487	0.1066	0.1273	0.0887	0.1037
19870228	0.0043	0.0474	0.0305	0.0454	-0.0246	0.0897	-0.0047	0.0912	0.107	-0.0257	0.0428
19870328	0.0047	-0.0009	0.0419	0.0294	0.1138	0.0219	0.009	0.0144	-0.0034	-0.0213	-0.003
19870428	0.0044	-0.0425	0.0354	-0.0193	-0.0055	0.0396	-0.0291	-0.0351	-0.0289	-0.0478	-0.0429
19870528	0.0038	0.0183	-0.0186	-0.0017	0.0265	-0.0011	0.0292	-0.0075	0.0086	-0.0224	0.0004
19870628	0.0048	0.0606	0.0244	0.0453	0.0507	-0.0047	0.0645	0.0579	0.0431	0.0294	0.0425
19870728	0.0046	0.0549	0.0656	0.0653	0.0348	0.0055	0.0664	0.0526	0.0532	-0.0213	0.0272
19870828	0.0047	0.0405	0.0519	0.0242	0.0142	0.0692	0.0484	0.0272	0.0172	0.0322	0.0331
19870928	0.0045	-0.0291	-0.045	-0.0013	-0.0436	-0.0315	0.0299	-0.065	-0.0301	-0.0275	-0.0238
19871028	0.006	-0.2199	-0.2748	-0.2794	-0.1943	-0.2641	-0.1399	-0.2903	-0.2091	-0.075	-0.231
19871128	0.0035	-0.0915	-0.089	-0.0551	-0.1109	-0.1019	-0.0896	-0.0877	-0.0965	-0.0284	-0.0672
19871228	0.0039	0.0703	0.0819	0.105	0.06	0.1145	0.0386	0.078	0.0498	0.0016	0.0497
19880128	0.0029	0.024	0.0425	-0.0001	0.0823	-0.0275	0.0859	0.0545	0.0611	0.0947	0.0659
19880228	0.0046	0.0619	0.0586	0.0728	0.0332	0.0697	0.011	0.0996	0.0374	-0.019	0.0327
19880328	0.0044	-0.0161	-0.0457	-0.0176	0.0241	-0.0514	-0.0393	-0.0149	-0.0299	-0.0361	-0.0217
19880428	0.0046	-0.0066	0.024	0.011	0.0382	0.0216	-0.0009	0.0108	-0.0244	-0.0078	-0.0048
19880528	0.0051	-0.0149	0.008	-0.0093	-0.0068	-0.0183	0.0138	-0.0194	-0.0077	0.0308	0.0085
19880628	0.0049	0.0244	0.0769	0.0714	-0.0231	0.0895	0.0223	0.0619	0.0215	0.027	0.0532
19880728	0.0051	0.0058	-0.0184	-0.0275	0.0286	-0.0545	-0.0046	-0.018	-0.0033	-0.0074	-0.0064
19880828	0.0059	-0.0082	-0.067	-0.0487	-0.0209	-0.0876	-0.0409	-0.0356	-0.0152	-0.0071	-0.0164
19880928	0.0062	0.0602	0.0403	0.0261	-0.0315	0.0236	0.0687	0.068	0.0329	0.0207	0.035
19881028	0.0061	0.0764	0.015	0.0023	0.0117	-0.0071	0.0297	0.0085	0.0074	0.0196	-0.0039
19881128	0.0057	-0.0184	-0.0007	-0.0331	-0.0057	-0.0374	0.0024	-0.0305	-0.0324	-0.0115	-0.0266
19881228	0.0063	0.0255	0.0041	0.0275	0.0091	0.0433	0.0046	0.0077	0.0112	0.0041	0.0044
19890128	0.0055	0.0521	0.0659	0.066	0.0594	0.0675	0.0878	0.0618	0.0664	0.0156	0.0628
19890228	0.0061	-0.0198	-0.0451	-0.0234	-0.0193	-0.0452	-0.0181	-0.0208	-0.0184	-0.0254	-0.0128
19890328	0.0067	0.0504	-0.0314	0.0082	0.0237	-0.0607	0.0471	0.024	0.0426	0.0011	0.0302
19890428	0.0067	0.0476	0.0271	0.0431	0.0139	0.0442	0.0979	0.0537	0.0477	0.0323	0.0431
19890528	0.0079	0.0476	0.0449	0.021	0.0169	0.0171	0.0438	0.0409	0.0256	0.0442	0.0375
19890628	0.0071	0.0065	-0.0207	-0.032	-0.0129	-0.0416	0.0013	-0.0236	-0.0327	0.0257	-0.0021
19890728	0.007	0.1055	0.0731	0.0619	0.0336	0.024	0.0757	0.0843	0.1331	0.0508	0.0755
19890828	0.0074	-0.0234	0.0311	0.0385	0.0352	0.0189	0.0004	0.017	-0.0049	-0.0158	0.0213
19890928	0.0065	-0.0109	-0.0421	-0.0311	0.0001	-0.0355	0.0364	-0.0216	0.0091	-0.002	0.0105
19891028	0.0068	-0.0305	-0.0471	-0.0491	-0.0047	-0.051	-0.0326	-0.0558	-0.0029	0.0026	-0.0498
19891128	0.0069	0.006	0.0177	0.016	0.0358	-0.0226	0.0092	0.008	0.036	0.0249	-0.0011
19891228	0.0061	0.0047	0.0083	0.02	0.045	-0.0161	0.046	0.0063	0.0026	0.0427	-0.0052
19900128	0.0057	-0.1027	-0.0402	-0.0731	-0.0445	-0.0227	-0.146	-0.0712	-0.08	-0.0563	-0.093
19900228	0.0057	-0.0099	0.031	0.0184	0.0245	0.0331	-0.0013	0.0122	-0.0285	-0.0002	0.0154
19900328	0.0064	0.0389	0.0302	0.0323	-0.007	0.0355	0.029	0.0426	0.0323	-0.0143	-0.0027
19900428	0.0069	-0.0076	-0.0272	-0.0347	-0.0423	-0.0293	-0.044	-0.024	-0.0091	-0.0599	-0.0435
19900528	0.0068	0.0809	0.0837	0.0721	0.0576	0.1151	0.0852	0.1114	0.1238	0.0448	0.0822
19900628	0.0063	0.0108	-0.0181	-0.0141	-0.0276	-0.0158	-0.0504	0.0052	0.0379	0.0037	-0.0265
19900728	0.0068	-0.0189	-0.0138	-0.0057	0.0729	-0.0834	-0.0503	-0.0424	0.0196	0.0005	-0.0395
19900828	0.0066	-0.0845	-0.1412	-0.1215	-0.0248	-0.1278	-0.1201	-0.1245	-0.0745	-0.0761	-0.1093
19900928	0.006	-0.0489	-0.1092	-0.0775	-0.0327	-0.0749	-0.0119	-0.0942	-0.047	-0.0068	-0.075
19901028	0.0068	0.015	-0.0466	-0.0113	-0.0577	-0.0404	0.0081	-0.0382	0.0052	0.0635	-0.0505
19901128	0.0057	0.065	0.0377	0.0704	0.0233	0.1112	0.0161	0.1028	0.0879	0.0188	0.0731
19901228	0.006	0.0377	0.0175	0.0385	-0.0241	0.0376	0.0115	0.0298	0.0224	0.0036	0.0366
19910128	0.0052	0.0473	0.0853	0.0509	-0.0215	0.1445	0.0137	0.0853	0.0437	-0.018	0.0471
19910228	0.0048	0.0943	0.0686	0.0558	0.0883	0.0602	0.0325	0.0771	0.0958	0.0439	0.0803
19910328	0.0044	0.0437	0.0127	0.0122	0.0033	-0.0015	0.0117	0.0795	0.0603	0.0114	0.0252
19910428	0.0053	-0.0179	-0.0029	-0.003	0.0183	-0.0384	0.0201	0.0163	-0.0127	-0.0062	0.0055
19910528	0.0047	0.0319	0.1079	0.0693	-0.0141	0.0332	-0.0085	0.0657	0.0394	-0.0017	0.031
19910628	0.0042	-0.0528	-0.0441	-0.048	-0.0408	-0.0936	-0.0213	-0.0474	-0.0473	-0.029	-0.0502
19910728	0.0049	0.0494	-0.0111	0.0353	0.0455	0.0449	0.036	0.0523	0.0754	0.0337	0.0401
19910828	0.0046	0.0497	-0.0036	0.019	0.005	0.0228	-0.0024	0.0285	0.023	0.0333	0.0252
19910928	0.0046	-0.035	-0.0516	-0.0257	-0.0098	-0.0084	0.001	-0.0323	-0.005	0.0305	-0.0129
19911028	0.0042	-0.0124	-0.013	0.0183	0.0203	0.0136	0.0195	-0.0171	0.0591	0.0107	0.0143
19911128	0.0039	-0.01	-0.0699	-0.058	-0.0854	-0.0442	-0.0575	-0.0198	-0.0234	0.0143	-0.0567
19911228	0.0038	0.1405	0.1205	0.1071	0.0278	0.0849	0.0998	0.1256	0.1612	0.0448	0.1154
19920128	0.0034	-0.0321	0.0462	0.0099	-0.0367	0.0604	-0.0233	0.004	-0.0498	-0.0477	0.0048
19920228	0.0028	0.0081	0.0726	0.0149	-0.0125	0.0364	-0.0041	0.021	-0.0269	-0.0108	0.0186
19920328	0.0034	-0.0205	-0.0186	-0.0139	-0.0324	-0.0548	-0.0098	-0.0156	-0.0579	-0.0065	-0.0247
19920428	0.0032	0.0046	0.0493	0.0217	0.09	-0.0214	0.0607	-0.035	-0.0202	0.0245	0.0148
19920528	0.0028	0.0087	-0.0159	-0.009	0.0305	-0.0003	-0.0256	-0.0012	0.0104	0.0205	0.0075
19920628	0.0032	-0.0316	0.0125	-0.0458	-0.0373	-0.0394	0.0073	-0.0245	-0.0459	-0.0026	-0.0011
19920728	0.0031	0.0443	0.0021	0.0317	0.0492	0.0254	0.0408	0.0354	0.0563	0.0647	0.0315
19920828	0.0026	0.0046	-0.0635	-0.0409	0.0207	-0.0476	-0.0187	-0.0133	-0.0366	-0.0092	-0.028
19920928	0.0026	0.0105	0.0224	0.0127	-0.0021	0.0225	0.0249	0.0386	-0.048	0.0049	0.023
19921028	0.0023	-0.0131	-0.0002	0.0142	-0.0375	0.018	-0.0102	0.0404	0.026	-0.0081	0.0245
19921128	0.0023	0.0335	0.0745	0.0302	-0.0212	0.0662	0.0561	0.0707	0.0496	-0.0049	0.0472
19921228	0.0028	-0.0027	0.0293	0.0095	0.0162	-0.0038	0.0625	0.0003	-0.0168	0.0263	0.0342
19930128	0.0023	-0.0121	0.045	-0.0067	0.0165	0.0479	0.0118	0.0015	-0.0612	0.0215	0.0296
19930228	0.0022	-0.0242	-0.0013	0.0151	0.0593	-0.0156	0.048	-0.0175	-0.0951	0.0601	0.0123
19930328	0.0025	-0.0023	0.0633	0.0158	0.039	0.0159	0.0375	0.0257	0.004	0.0127	0.0305
19930428	0.0024	-0.0939	0.0313	-0.0085	0.0189	-0.0512	-0.027	-0.0812	0.0134	-0.0038	-0.0362
19930528	0.0022	0.0242	0.017	0.0226	0.016	0.0809	0.0546	0.0531	0.0367	-0.0033	0.0136
19930628	0.0025	-0.0115	0.0417	-0.0098	-0.0073	-0.0084	0.039	-0.033	-0.0321	0.0269	0.0212
19930728	0.0024	-0.0291	0.0222	-0.0123	0.0055	-0.0446	0.0211	0.0078	-0.0579	0.0179	0.0162
19930828	0.0025	0.0353	0.0103	0.0392	0.0373	0.059	0.0539	0.0415	0.0237	0.0331	0.0336
19930928	0.0026	-0.0122	0.002	-0.0184	0.0075	0.0122	-0.0164	-0.0073	0.0089	-0.0101	0.0111
19931028	0.0022	0.0588	0.0489	0.027	-0.0157	0.0133	0.023	0.0396	0.0537	-0.02	-0.021
19931128	0.0025	0.0038	-0.0113	0.0102	-0.0625	0.0022	-0.0565	0.0068	0.0094	-0.0563	-0.0366
19931228	0.0023	0.0098	0.0464	0.0267	0.0099	0.0271	-0.0084	-0.0222	0.0254	0.018	0.0195
19940128	0.0025	-0.0053	0.0572	0.0422	0.0459	0.0448	0.0239	0.0144	0.0221	-0.0134	0.0343
19940228	0.0021	-0.0164	-0.0281	-0.0088	-0.0305	0.0089	-0.0614	0.0142	-0.0578	-0.0512	-0.0405
19940328	0.0027	-0.0413	-0.0523	-0.0506	-0.0457	-0.0455	-0.0415	-0.0523	-0.0639	-0.0421	-0.0409
19940428	0.0027	0.0037	-0.0304	0.0054	0.0319	-0.0079	0.0022	0.0007	0.0147	0.0155	0.0186
19940528	0.0032	-0.0134	0.0003	0.0149	0.0022	0.0088	0.0192	-0.0186	0.0497	-0.0587	0.0234
19940628	0.0031	-0.0185	-0.0417	-0.0299	-0.0259	-0.0538	0.0008	-0.0286	-0.0376	-0.0369	-0.0254
19940728	0.0028	0.0281	0.0606	0.036	0.028	0.0248	0.0268	0.0032	0.0157	0.0456	0.0257
19940828	0.0037	0.0583	-0.0068	0.0508	-0.0033	0.0916	0.0117	0.0425	0.1157	0.0035	0.0237
19940928	0.0037	-0.0067	-0.0368	-0.0216	-0.0267	-0.007	-0.0049	-0.0244	0.0165	-0.0324	-0.0474
19941028	0.0038	0.0153	0.0061	-0.0005	0.0716	0.0607	0.0023	0.0063	0.0036	0.0139	-0.0005
19941128	0.0037	-0.0208	-0.0515	-0.0542	-0.0505	-0.027	-0.0657	-0.0357	-0.0019	-0.0077	-0.0536
19941228	0.0044	0.01	0.0539	0.0238	-0.0087	0.02	0.0009	-0.0291	-0.0013	0.0046	0.0069
19950128	0.0042	0.0148	-0.0283	-0.0058	0.0032	-0.0114	0.024	0.0096	0.0558	0.0558	0.0447
19950228	0.004	0.0255	0.0392	0.0498	0.0425	0.068	0.0168	0.0211	0.0152	0.0072	0.0409
19950328	0.0046	0.0259	-0.0061	0.0331	0.0475	0.049	-0.0002	0.0299	0.0241	-0.0232	0.0126
19950428	0.0044	0.0137	0.0325	0.0248	0.0198	0.0738	0.0096	-0.0213	0.0089	0.0179	0.0186
19950528	0.0054	0.0444	0.0392	0.0261	0.0323	0.0227	0.0047	0.0212	0.0138	0.0556	0.0346
19950628	0.0047	0.0095	0.008	0.0228	-0.0336	0.0927	0.0396	0.0464	0.0384	-0.0106	0.016
19950728	0.0045	0.007	0.0387	0.0255	0.0236	0.0733	0.0471	0.0342	0.0524	-0.0091	0.0423
19950828	0.0047	0.0008	-0.0052	-0.0069	-0.0165	-0.0018	0.0373	-0.03	0.0057	0.0034	0.0323
19950928	0.0043	0.0603	0.0274	0.0125	0.0105	0.0062	0.0621	0.0255	0.0718	0.0559	0.0381
19951028	0.0047	-0.0027	-0.0549	-0.0288	-0.0074	0.0165	-0.0139	-0.0583	0.0099	0.0128	-0.0226
19951128	0.0042	0.0407	0.0367	0.0658	0.0407	-0.0146	0.0233	0.0522	0.052	0.0118	0.0545
19951228	0.0049	0.0088	0.0303	0.0031	0.0571	-0.0418	0.028	-0.0122	0.0498	0.0446	0.0101
19960128	0.0043	0.0243	0.0317	0.0215	-0.0017	0.0209	0.0042	-0.004	0.0551	0.0139	0.0305
19960228	0.0039	0.0284	0.0003	0.0075	0.0095	0.0638	-0.0265	0.0342	-0.0135	-0.0303	0.0137
19960328	0.0039	-0.0169	0.0337	0.0284	0.0466	-0.0348	-0.023	0.0575	-0.0007	-0.0102	0.0106
19960428	0.0046	-0.004	0.0237	0.0141	0.0317	0.0947	0.0189	0.039	-0.0122	-0.0308	0.0007
19960528	0.0042	0.0591	0.0452	0.0108	0.0011	0.0334	-0.0026	0.0398	0.0326	0.0107	0.0099
19960628	0.004	0.0256	-0.0218	-0.0109	0.0048	-0.0585	-0.0065	-0.0214	-0.0094	0.0475	-0.0007
19960728	0.0045	-0.0435	-0.0582	-0.0442	-0.0507	-0.0806	-0.0971	-0.0768	-0.0696	-0.0601	-0.0463
19960828	0.0041	-0.017	0.0163	0.033	0.0267	0.0408	-0.0064	0.0554	0.0411	0.022	0.0302
19960928	0.0044	0.0375	0.039	0.0515	0.0333	0.0971	0.0335	0.031	0.0715	0.0034	0.0439
19961028	0.0042	0.0116	0.0085	0.0036	0.0532	-0.0109	-0.0371	-0.0317	-0.0136	0.0353	0.0407
19961128	0.0041	0.0499	0.0796	0.0555	0.0523	0.1059	0.0762	0.0237	0.0641	0.0198	0.066
19961228	0.0046	0.0023	-0.0264	-0.0035	0	-0.0319	0.0144	-0.035	-0.0298	-0.0063	-0.0216
19970128	0.0045	0.054	0.0422	0.0345	0.0373	0.0839	0.0175	0.0093	0.0924	0.0043	0.0536
19970228	0.0039	0.0425	-0.0251	0.0059	-0.0648	-0.074	0.0079	0.0262	0.007	-0.0085	0.0207
19970328	0.0043	-0.056	-0.0392	-0.0402	0.047	-0.0645	-0.0776	-0.0231	-0.0772	-0.039	-0.0605
19970428	0.0043	0.0488	0.052	0.044	-0.0004	0.0752	0.0182	0.0148	0.057	-0.0176	0.0451
19970528	0.0049	0.0525	0.0835	0.0676	0.071	0.0946	0.086	0.0569	0.0652	0.0337	0.0534
19970628	0.0037	0.0309	0.0547	0.0431	0.0155	0.0052	0.0342	0.0468	0.0822	0.0275	0.0468
19970728	0.0043	0.0323	0.0823	0.0677	0.0686	0.1491	0.0468	0.0738	0.0191	0.0228	0.0818
19970828	0.0041	-0.0712	-0.0588	-0.0462	-0.0024	-0.0121	-0.037	-0.0302	-0.0671	-0.0171	-0.0494
19970928	0.0044	0.0515	0.069	0.021	0.0636	0.0283	0.1008	0.0501	0.0612	0.0449	0.0723
19971028	0.0042	-0.0367	-0.0459	-0.0633	-0.0237	-0.0861	0.0325	-0.0294	-0.0018	0.0021	-0.031
19971128	0.0039	0.0604	0.0554	0.0245	-0.0432	0.0138	0.0676	0.052	0.0251	0.0653	0.0306
19971228	0.0048	0.0318	0.0177	-0.0026	-0.0163	-0.0508	0.0439	-0.0052	0.0296	0.0787	0.0411
19980128	0.0043	-0.0331	0.0277	-0.0046	-0.0644	0.0459	0.0549	0.0072	0.0522	-0.0478	-0.0208
19980228	0.0039	0.0467	0.0596	0.0792	0.0638	0.0937	0.0454	0.0968	0.0527	0.0235	0.0742
19980328	0.0039	0.0564	0.0755	0.0346	0.0436	0.0028	0.1087	0.0619	0.0327	0.0657	0.0559
19980428	0.0043	-0.0383	0.0025	0.0089	0.0376	0.0383	-0.0053	-0.0063	0.0162	-0.0267	0.0108
19980528	0.004	0.006	0.0129	-0.03	-0.0483	-0.0695	-0.0359	0.014	-0.0291	-0.0131	-0.0316
19980628	0.0041	0.0366	0.0513	-0.0284	-0.0198	0.0787	0.0564	0.0439	0.0593	0.0271	0.025
19980728	0.004	-0.0421	-0.0157	-0.0664	-0.0817	-0.004	0.0601	-0.0353	-0.0075	-0.0566	-0.0239
19980828	0.0043	-0.1353	-0.1399	-0.1589	-0.119	-0.1786	-0.178	-0.1404	-0.1304	0.017	-0.1983
19980928	0.0046	0.0095	0.0153	0.0119	0.1176	0.1572	0.0847	0.0109	0.1154	0.0758	0.025
19981028	0.0032	0.1079	0.1091	0.1102	0.005	0.0507	0.0742	0.103	0.0378	-0.0176	0.0803
19981128	0.0031	0.0605	0.0384	0.0324	-0.0029	0.1198	0.0313	0.081	0.0583	0.0118	0.0596
19981228	0.0038	0.0008	0.103	-0.0046	-0.0269	0.1431	0.1893	0.0889	0.0463	0.0236	0.0298
19990128	0.0035	-0.0405	0.0508	-0.0079	-0.0625	0.1526	0.1105	0.0167	-0.0012	-0.0722	0.0063
19990228	0.0035	-0.0443	-0.0537	-0.0159	-0.0396	-0.1184	-0.0483	-0.0144	-0.001	-0.0446	-0.005
19990328	0.0043	-0.0266	0.0777	0.0241	0.1383	0.0789	0.0236	0.0214	0.0221	-0.0249	0.0077
19990428	0.0037	0.0343	-0.0069	0.1325	0.1509	0.0132	0.0744	-0.0021	-0.0598	0.0711	0.0707
19990528	0.0034	0.0118	-0.0388	-0.0343	-0.027	-0.0099	-0.0058	-0.0278	-0.0237	0.0604	-0.0375
19990628	0.004	-0.0017	0.0661	0.0232	-0.0078	0.1048	0.0521	0.0773	0.0397	-0.0382	0.0339
19990728	0.0038	-0.028	-0.0431	-0.0175	0.0192	-0.0129	-0.0315	-0.0513	-0.0488	-0.0044	-0.0616
19990828	0.0039	-0.0316	0.0157	-0.0125	0.0108	0.0541	-0.0704	-0.0673	0.0309	0.0027	-0.0585
19990928	0.0039	-0.0842	0.01	-0.058	-0.0401	-0.0038	0.0162	0.0049	-0.0775	-0.0447	-0.0379
19991028	0.0039	0.0563	0.0956	0.0051	-0.0296	0.0359	0.0716	0.0325	0.1028	0.0183	0.1027
19991128	0.0036	-0.0031	-0.0258	-0.0069	0.0375	0.1187	0.079	0.031	0.0101	-0.073	-0.0285
19991228	0.0044	-0.0528	0.1299	0.0638	-0.0062	0.2083	0.054	0.069	-0.0646	-0.0136	0.0021
20000128	0.0041	-0.0705	-0.1116	-0.057	-0.0171	-0.0478	-0.0749	-0.113	0.0689	0.0493	-0.0386
20000228	0.0043	-0.0896	-0.0285	-0.0497	-0.0543	0.1789	0.0111	-0.0485	-0.0397	-0.0724	-0.085
20000328	0.0047	0.048	0.1503	0.0471	0.1263	0.0353	0.0256	0.136	0.0071	0.0519	0.1479
20000428	0.0046	-0.0047	0.0205	-0.0038	-0.0101	-0.1103	-0.088	-0.0471	0.0492	0.0853	-0.0381
20000528	0.005	0.1019	-0.0421	-0.0221	0.098	-0.1123	-0.1044	-0.0326	0.0352	0.0319	0.011
20000628	0.004	0.0265	-0.0358	-0.0157	-0.0606	0.1261	0.0717	-0.0237	0.0998	-0.0473	-0.0439
20000728	0.0048	0.0053	-0.0179	-0.013	-0.0281	-0.0491	-0.102	-0.0159	-0.0647	0.0466	0.0546
20000828	0.005	-0.0225	0.1307	0.0704	0.0806	0.1224	-0.0047	-0.0343	0.0339	0.1272	0.07
20000928	0.0051	0.0302	-0.0275	-0.0671	0.0367	-0.1475	-0.0996	0.0196	0.0338	0.0943	0.0056
20001028	0.0056	0.0701	-0.0276	0.013	-0.0365	-0.0703	-0.067	-0.0171	0.02	-0.0446	-0.004
20001128	0.0051	0.024	-0.1139	-0.0432	-0.0364	-0.2273	-0.1917	-0.0141	0.0027	0.021	-0.0642
20001228	0.005	0.0482	-0.019	0.0633	0.0734	-0.0828	-0.0591	0.0506	0.0318	0.0654	0.0747
20010128	0.0054	-0.0308	-0.0015	-0.0047	-0.0354	0.146	0.1852	0.0638	-0.0944	-0.1038	0.0024
20010228	0.0039	-0.0014	-0.0021	-0.0525	-0.0048	-0.2538	-0.1415	-0.0561	-0.0082	0.0493	-0.0566
20010328	0.0044	-0.0477	-0.0897	-0.0715	-0.0092	-0.1422	-0.0845	-0.0326	-0.087	0.0077	-0.0382
20010428	0.0039	0.0072	0.1391	0.0802	0.0994	0.1748	0.0281	0.0509	0.0379	0.0453	0.0391
20010528	0.0032	0.03	-0.0072	0.0226	-0.0024	-0.0334	-0.0206	0.0168	0.0234	-0.0067	0.0377
20010628	0.0028	-0.0203	-0.0083	-0.0437	-0.0794	0.0132	-0.0499	-0.0257	-0.0287	-0.064	-0.0017
20010728	0.003	-0.0029	-0.0754	0.0011	-0.0315	-0.0756	-0.0037	0.0444	0.0241	-0.0455	-0.0156
20010828	0.0031	0.0197	-0.0837	-0.0255	-0.0472	-0.1296	-0.0993	-0.0633	-0.0311	-0.0083	-0.0559
20010928	0.0028	-0.0333	-0.1163	-0.1294	-0.0646	-0.1871	-0.0186	-0.0935	-0.0087	-0.0957	-0.0769
20011028	0.0022	0.0095	-0.0182	0.0331	0.0262	0.1485	-0.0961	0.0189	0.01	0.0168	-0.0094
20011128	0.0017	0.0203	0.0839	0.0825	-0.0591	0.1544	0.0489	0.1095	0.0473	-0.0165	0.0785
20011228	0.0015	0.0174	0.0276	0.023	0.059	-0.0063	0.026	0.0437	-0.0302	0.0322	0.0306
20020128	0.0015	0.0108	-0.0558	0.01	-0.0289	-0.0076	-0.0814	0.0245	-0.0238	-0.0433	-0.0239
20020228	0.0015	0.0427	0.0407	0.0369	0.049	-0.1293	-0.0336	-0.0025	-0.0065	-0.0162	-0.0124
20020328	0.0015	0.0388	-0.0059	0.0514	0.0787	0.0651	-0.0036	0.0213	-0.0007	0.1004	0.0577
20020428	0.0015	0.0246	-0.109	-0.0239	-0.0462	-0.1166	-0.1382	-0.0185	-0.0708	-0.0103	-0.0265
20020528	0.0015	0.0121	-0.0098	-0.0032	-0.0042	-0.0379	0.0188	-0.0161	-0.0262	-0.073	0
20020628	0.0015	-0.0599	-0.0741	-0.0405	-0.0098	-0.121	-0.1429	-0.0542	-0.0933	-0.0538	-0.0604
20020728	0.0015	-0.0653	0.0288	-0.0768	-0.1226	-0.1055	-0.115	-0.1155	-0.0358	-0.1287	-0.0781
20020828	0.0014	0.0215	-0.0462	-0.0104	0.0066	-0.0062	0.0073	0.0187	0.0035	0.0338	0.0161
20020928	0.0014	-0.0792	-0.1603	-0.0885	-0.0799	-0.1634	-0.1032	-0.0979	-0.0565	-0.1128	-0.0988
20021028	0.0014	0.0484	-0.0002	0.0415	0.0264	0.1937	0.2189	0.0544	0.0517	-0.011	0.071
20021128	0.0012	-0.012	0.0921	0.0574	0.0314	0.1568	0.1159	0.014	0.0358	0.0169	0.0433
20021228	0.0011	-0.0025	-0.0885	-0.038	0.0089	-0.1313	-0.0958	-0.0698	-0.0409	0.0369	-0.0455
20030128	0.001	-0.0417	-0.0423	-0.0407	-0.0261	-0.022	-0.0378	-0.0495	-0.0052	-0.0327	-0.0216
20030228	0.0009	-0.0294	0.0173	-0.0198	0.016	0.006	-0.0708	-0.0127	-0.0231	-0.0428	-0.0344
20030328	0.001	-0.0296	0.0338	0.0128	0.0094	-0.0117	-0.0027	0.0441	0.036	0.0432	0.0035
20030428	0.001	0.045	0.1527	0.0631	-0.0063	0.096	0.113	0.0862	0.042	0.0754	0.1111
20030528	0.0009	0.0953	-0.0085	0.0467	0.0886	0.0973	0.0736	0.0301	0.0381	0.1021	0.0578
20030628	0.001	0.0156	0.0149	0.0028	-0.011	0.0047	0.0168	0.035	0.0417	0.0043	0.0073
20030728	0.0007	-0.018	0.0064	0.0488	-0.0223	0.0545	-0.0276	0.0297	0.0041	-0.051	0.0393
20030828	0.0007	0.003	0.0497	0.0434	0.0616	0.0601	0.0128	0.0644	-0.0297	0.0137	0.0031
20030928	0.0008	0.0095	-0.0004	-0.0405	-0.0256	-0.0102	-0.0568	-0.0457	0.002	0.0394	0
20031028	0.0007	0.0587	0.0054	0.0884	0.0182	0.0788	0.0692	0.0897	0.0092	0.0152	0.0706
20031128	0.0007	0.0365	0.0018	0.0188	0.0091	0.0185	-0.0115	0.0064	0.0186	0.0096	0.0114
20031228	0.0008	0.0344	0.0986	0.0658	0.1305	0.0224	0.0709	-0.022	0.0556	0.0583	0.0405
20040128	0.0007	-0.0026	0.052	-0.0104	0.0016	0.0391	0.0202	0.0048	0.0308	0.0199	0.026
20040228	0.0006	0.0413	-0.0198	0.0197	0.0461	-0.0306	-0.0139	0.0613	0.011	0.0189	0.0262
20040328	0.0009	-0.0011	-0.042	-0.0012	-0.0037	-0.0271	-0.022	0.0024	-0.0385	0.0085	-0.0036
20040428	0.0008	0.0139	-0.014	-0.0052	0.0179	-0.0483	0.0015	-0.0277	0.0321	-0.0377	-0.0382
20040528	0.0006	-0.0207	0.0206	0.0179	0.0038	0.0438	-0.0315	0.0001	-0.0038	0.0101	0.0166
20040628	0.0008	0.0155	0.0442	0.0505	0.0538	0.0269	0.0013	-0.0016	-0.0066	0.0196	0.0117
20040728	0.001	-0.0645	-0.0044	-0.0414	0.0317	-0.0842	-0.0141	-0.0329	-0.0592	0.0087	-0.0309
20040828	0.0011	0.0095	-0.0211	0.0076	-0.0117	-0.0443	0.0101	-0.0134	0.0149	0.0355	0.0216
20040928	0.0011	-0.0227	0.034	0.0175	0.0873	0.0305	0.0166	0.0235	-0.0114	0.0129	0.0072
20041028	0.0011	0.0221	0.0001	-0.0141	0.0081	0.0455	0.0275	0.0369	-0.0242	0.0414	0.0108
20041128	0.0015	0.0446	0.0469	0.069	0.0628	0.0568	0.0362	0.0326	0.0113	0.0458	0.0457
