%date	T-bill	Energy	Material	Industrials	Cons-Discr.	Cons-Staples	Helth-Care	Financials	Inf-Tech. Telecom Utilities
19810130	0.0100	-0.1227	-0.0320	-0.0308	0.0038	0.0127	-0.0238	-0.0243	-0.1160	-0.0452	-0.0289
19810227	0.0107	0.0024	0.0030	0.0526	0.0446	0.0332	0.0015	0.0135	0.0110	-0.0222	-0.0359
19810331	0.0132	-0.0338	0.1203	0.0577	0.0718	0.0314	0.0192	0.0740	0.0422	0.0677	0.0197 
19810430	0.0108	-0.0643	-0.0333	-0.0321	-0.0095	0.0104	-0.0015	-0.0028	-0.0054	0.0022	-0.0377
19810529	0.0106	-0.0570	-0.0047	-0.0078	0.0310	-0.0063	0.0017	0.0297	-0.0197	0.0674	0.0065 
19810630	0.0152	0.0151	-0.0419	-0.0296	-0.0047	-0.0212	-0.0501	0.0051	-0.1017	-0.0266	0.0035 
19810731	0.0119	0.0752	-0.0352	-0.0402	-0.0683	-0.0334	-0.0383	-0.0549	-0.0890	0.0103	0.0253 
19810831	0.0128	-0.0797	-0.0478	-0.0954	-0.0843	-0.0523	-0.0623	-0.0695	-0.1384	-0.0132	-0.0072
19810930	0.0128	-0.1102	-0.0825	-0.0804	-0.0416	-0.0226	-0.0208	-0.0405	-0.0361	-0.0021	-0.0777
19811030	0.0117	0.1199	-0.0267	0.0081	0.0347	0.0560	0.0459	0.0628	0.0207	0.0879	0.0337 
19811130	0.0110	0.0445	0.0313	0.0439	-0.0135	0.0235	0.0380	0.0433	0.0000	-0.0246	0.0467 
19811231	0.0087	-0.0612	-0.0268	-0.0151	0.0015	-0.0150	-0.0160	-0.0565	-0.0044	-0.0135	-0.0307
19820129	0.0073	-0.0942	-0.0770	-0.0442	-0.0238	0.0069	0.0164	-0.0161	-0.0162	-0.0511	-0.0075
19820226	0.0092	-0.1166	-0.0546	-0.0465	-0.0418	-0.0124	-0.0374	-0.0078	-0.1147	-0.0707	-0.0239
19820331	0.0111	-0.0529	-0.0328	-0.0046	0.0533	0.0027	-0.0258	-0.0263	-0.0553	0.0190	-0.0111
19820430	0.0113	0.0290	-0.0041	0.0168	0.0468	0.0444	0.0447	0.0136	0.0124	0.0305	0.0343 
19820528	0.0096	0.0061	-0.0537	-0.0562	-0.0277	-0.0383	-0.0491	-0.0738	-0.1221	-0.0603	-0.0264
19820630	0.0107	-0.0639	-0.0305	-0.0269	0.0062	-0.0024	-0.0281	-0.0334	-0.0714	-0.0205	-0.0314
19820730	0.0102	-0.1082	-0.0038	-0.0478	-0.0077	0.0027	0.0005	-0.0513	-0.0448	0.0022	-0.0588
19820831	0.0083	0.0670	0.1499	0.1479	0.1138	0.0786	0.0966	0.1161	0.1724	0.1261	0.1081 
19820930	0.0051	0.0267	-0.0059	-0.0134	0.0176	0.0282	0.0007	0.0665	-0.0553	0.0182	0.0075 
19821029	0.0055	0.0614	0.1334	0.1469	0.1534	0.0558	0.0716	0.1823	0.1607	0.2126	0.0477 
19821130	0.0072	-0.0340	0.0575	0.0872	0.0813	0.0326	0.0204	0.0832	0.1423	0.0349	-0.0054
19821231	0.0063	0.0622	0.0392	-0.0173	0.0150	-0.0217	-0.0128	-0.0431	0.0025	-0.0049	0.0245 
19830131	0.0069	0.0081	0.0568	0.0374	0.0020	0.0022	0.0207	-0.0101	0.0980	0.0027	0.0241 
19830228	0.0062	-0.0066	0.0146	0.0298	0.0184	0.0050	-0.0057	0.0883	-0.0189	-0.0293	-0.0131
19830331	0.0063	0.0476	0.0285	0.0313	0.0612	0.0652	0.0268	0.0794	0.0105	0.0042	-0.0057
19830429	0.0069	0.0762	0.0500	0.0732	0.0736	0.0569	0.0470	0.0742	0.0026	0.0669	0.0442 
19830531	0.0076	-0.0061	0.0416	0.0295	0.0046	-0.0204	-0.0473	-0.0132	0.0494	-0.0086	0.0277 
19830630	0.0067	0.0614	-0.0201	0.0216	0.0575	0.0124	0.0566	-0.0158	0.0693	-0.0358	0.0147 
19830729	0.0069	-0.0400	-0.0019	-0.0554	-0.0233	-0.0252	-0.0535	-0.0530	-0.0120	0.0653	0.0094 
19830831	0.0083	0.0684	0.0268	-0.0225	-0.0404	0.0042	0.0022	0.0132	0.0358	-0.0306	0.0169 
19830930	0.0076	-0.0588	-0.0267	0.0258	0.0331	0.0434	0.0164	0.0157	-0.0122	0.0154	0.0342 
19831031	0.0074	-0.0322	-0.0339	-0.0462	-0.0084	0.0103	-0.0054	-0.0402	-0.0646	0.0195	0.0244 
19831130	0.0072	-0.0168	0.0745	0.0627	0.0236	0.0177	-0.0262	0.0574	0.0305	0.0182	-0.0329
19831230	0.0070	0.0174	-0.0202	-0.0174	-0.0295	-0.0109	-0.0313	-0.0140	0.0505	-0.0663	-0.0245
19840131	0.0081	0.0964	-0.0264	-0.0176	-0.0434	0.0002	-0.0070	-0.0134	-0.0519	-0.0312	-0.0108
19840229	0.0073	0.0366	-0.0263	-0.0650	-0.0724	-0.0462	-0.0078	-0.0237	-0.0826	-0.0645	-0.0153
19840330	0.0073	0.0066	0.0377	0.0168	0.0142	0.0041	-0.0014	0.0228	-0.0065	-0.0180	-0.0033
19840430	0.0081	0.0271	-0.0473	-0.0271	-0.0115	0.0031	-0.0117	-0.0287	-0.0002	-0.0043	-0.0062
19840531	0.0079	-0.0735	-0.0763	-0.0820	-0.0142	-0.0303	-0.0731	-0.1095	-0.1036	-0.0471	-0.0135
19840629	0.0075	-0.0414	-0.0066	-0.0037	0.0827	0.0471	0.0379	0.0314	0.0083	0.0071	-0.0122
19840731	0.0088	-0.0686	-0.0500	-0.0472	-0.0175	-0.0220	-0.0408	-0.0219	-0.0388	0.0213	-0.0102
19840831	0.0080	0.1360	0.1209	0.1252	0.0671	0.0565	0.0755	0.1111	0.1033	0.0628	0.0863 
19840928	0.0083	0.0059	-0.0300	-0.0203	-0.0104	0.0026	-0.0390	0.0397	-0.0753	0.0182	0.0467 
19841031	0.0098	-0.0425	-0.0107	-0.0125	-0.0088	0.0100	0.0201	0.0231	-0.0068	0.0156	0.0028 
19841130	0.0073	0.0061	-0.0174	-0.0364	-0.0129	0.0154	0.0106	-0.0029	0.0273	-0.0116	0.0231 
19841231	0.0069	-0.0186	-0.0103	0.0116	0.0137	0.0107	0.0301	0.0574	0.0069	0.0184	0.0170 
19850131	0.0065	0.0644	0.0678	0.1138	0.1006	0.0195	0.0423	0.0778	0.0860	0.0608	0.0225 
19850228	0.0060	0.0311	-0.0108	-0.0083	-0.0128	0.0141	0.0157	0.0158	-0.0278	0.0035	0.0194 
19850329	0.0062	-0.0399	0.0005	-0.0331	-0.0112	0.0392	0.0356	-0.0167	-0.2434	-0.0186	0.0558 
19850430	0.0076	0.0248	-0.0341	-0.0320	-0.0074	-0.0266	-0.0193	0.0298	-0.0378	0.0063	-0.0188
19850531	0.0061	-0.0065	0.0386	0.0720	0.0857	0.0762	0.0686	0.0723	0.0406	0.0543	0.0429 
19850628	0.0055	-0.0204	0.0002	-0.0004	-0.0025	0.0238	0.0117	0.0113	-0.0546	0.0190	0.0051 
19850731	0.0062	0.0237	0.0609	0.0097	-0.0233	0.0000	-0.0111	-0.0315	-0.0810	-0.0326	-0.0510
19850830	0.0058	-0.0009	-0.0241	-0.0086	-0.0133	0.0018	-0.0031	-0.0199	-0.0402	0.0045	0.0207 
19850930	0.0060	-0.0313	-0.0473	-0.0605	-0.0424	0.0000	-0.0383	-0.0596	-0.1328	-0.0526	-0.0570
19851031	0.0060	0.0544	-0.0048	-0.0020	0.0599	0.0390	0.0193	0.0873	0.1041	0.0507	0.0462 
19851129	0.0062	0.0183	0.0657	0.0639	0.0566	0.0612	0.0925	0.0608	0.1119	0.0691	0.0267 
19851231	0.0061	-0.0471	0.0411	0.0430	0.0249	0.0346	0.0213	0.0513	0.0174	0.0563	0.0383 
19860131	0.0049	-0.0809	0.0371	0.0557	0.0282	-0.0005	-0.0024	0.0297	-0.0378	0.0164	0.0111 
19860228	0.0053	0.0007	0.0629	0.0814	0.0897	0.0520	0.0415	0.0739	0.0728	0.0525	0.0395 
19860331	0.0060	-0.0404	0.0273	0.0564	0.0783	0.0856	0.0991	0.0626	0.0403	0.0545	0.0368 
19860430	0.0053	-0.0157	-0.0377	-0.0504	-0.0225	0.0092	0.0028	-0.0535	0.0095	-0.0268	-0.0639
19860530	0.0049	0.0732	0.0388	0.0227	0.0706	0.0538	0.0563	0.0415	-0.0123	0.0575	0.0375 
19860630	0.0052	-0.0461	-0.0287	-0.0188	0.0067	0.0458	0.0540	-0.0160	-0.1104	0.0561	0.0316 
19860731	0.0050	-0.1031	-0.0484	-0.1093	-0.0969	-0.0417	-0.0459	-0.0729	-0.0539	-0.0061	-0.0124
19860829	0.0046	0.1915	0.0844	0.0757	0.0418	0.0365	0.0077	0.0861	0.0131	0.0724	0.0948 
19860930	0.0048	-0.0068	-0.0094	-0.0603	-0.0934	-0.1040	-0.1033	-0.0945	-0.1482	-0.1117	-0.0825
19861031	0.0042	0.0426	0.0314	0.0755	0.0759	0.0836	0.0515	0.0240	0.0938	0.0472	0.0475 
19861128	0.0039	0.0358	0.0104	0.0250	0.0316	0.0133	0.0207	-0.0102	0.0207	0.0251	0.0267 
19861231	0.0048	0.0051	-0.0339	-0.0387	-0.0635	-0.0432	0.0035	-0.0266	-0.0428	-0.0230	-0.0451
19870130	0.0042	0.1299	0.1546	0.1383	0.1122	0.1341	0.1137	0.0714	0.1307	0.0719	0.1176 
19870227	0.0043	0.0058	0.0372	0.0636	0.0866	0.0183	0.0789	0.0336	0.0839	-0.0163	-0.0147
19870331	0.0050	0.1538	0.0668	-0.0168	0.0074	0.0235	-0.0109	-0.0351	-0.0388	-0.0030	-0.0069
19870430	0.0043	-0.0341	0.0098	-0.0239	-0.0259	-0.0314	-0.0171	-0.0558	-0.0325	-0.0415	-0.0397
19870529	0.0038	0.0641	-0.0238	0.0473	0.0035	0.0182	-0.0068	-0.0095	0.0181	0.0140	-0.0039
19870630	0.0050	0.0484	0.0414	0.0221	0.0329	0.0485	0.0512	0.0473	-0.0334	0.0503	0.0252 
19870731	0.0041	0.0560	0.1303	0.0702	0.0610	0.0602	0.0515	0.0080	0.0625	0.0302	-0.0263
19870831	0.0047	-0.0047	-0.0013	0.0444	0.0077	0.0268	0.0145	0.0544	0.0450	0.0417	0.0298 
19870930	0.0048	-0.0563	0.0310	-0.0281	-0.0628	-0.0213	-0.0171	-0.0552	-0.0201	0.0311	-0.0413
19871030	0.0060	-0.2528	-0.2664	-0.3166	-0.2879	-0.1897	-0.1546	-0.1909	-0.2647	-0.0845	-0.1076
19871130	0.0034	-0.0874	0.0084	-0.0463	-0.0817	-0.0822	-0.0753	-0.0821	-0.0609	-0.0781	-0.0356
19871231	0.0030	0.1750	0.0969	0.1464	0.0925	0.0837	0.0544	0.0075	0.1625	0.0202	0.0059 
19880129	0.0028	0.0591	-0.0581	0.0250	0.0669	0.0723	0.0672	0.0948	-0.0180	0.0993	0.1032 
19880229	0.0046	0.0508	0.1166	0.0785	0.1107	0.0494	0.0253	0.0314	0.0974	-0.0006	-0.0015
19880331	0.0044	0.0714	-0.0357	0.0169	-0.0141	-0.0075	-0.0445	-0.0428	-0.0134	-0.0495	-0.0448
19880429	0.0046	0.0286	0.0178	0.0105	0.0028	0.0066	-0.0240	-0.0103	-0.0263	0.0176	-0.0040
19880531	0.0051	-0.0141	-0.0057	-0.0193	-0.0016	-0.0117	0.0034	0.0591	0.0193	0.0354	0.0204 
19880630	0.0048	-0.0719	0.0678	0.0692	0.0724	0.0148	0.0173	0.0479	0.0966	0.0308	0.0366 
19880729	0.0051	0.0549	-0.0149	-0.0415	-0.0147	0.0062	0.0008	-0.0084	-0.0317	-0.0115	0.0105 
19880831	0.0060	-0.0163	-0.0464	-0.0420	-0.0342	-0.0067	-0.0046	-0.0173	-0.0577	-0.0159	-0.0118
19880930	0.0061	-0.0011	0.0080	0.0385	0.0537	0.0665	0.0250	0.0385	0.0121	0.0512	0.0070 
19881031	0.0061	0.0236	0.0032	-0.0126	0.0111	0.0396	0.0054	-0.0128	-0.0263	0.0089	0.0325 
19881130	0.0057	0.0007	-0.0358	-0.0245	-0.0385	-0.0206	-0.0157	-0.0352	-0.0002	-0.0047	-0.0101
19881230	0.0063	0.0072	0.0253	0.0299	0.0027	0.0282	0.0118	-0.0185	0.0956	0.0157	0.0077 
19890131	0.0058	0.0721	0.0704	0.0606	0.0589	0.0414	0.0350	0.0712	0.0108	0.0629	0.0261 
19890228	0.0061	0.0014	-0.0213	-0.0266	-0.0135	-0.0268	-0.0182	-0.0124	-0.0022	-0.0164	-0.0288
19890331	0.0062	0.0456	-0.0059	-0.0023	0.0121	0.0579	0.0432	0.0484	-0.0520	0.0323	0.0026 
19890428	0.0068	0.0357	0.0200	0.0305	0.0278	0.0410	0.0403	0.0252	0.0413	0.0668	0.0409 
19890531	0.0080	0.0059	-0.0033	0.0221	0.0386	0.0484	0.0217	0.0389	0.0317	0.0584	0.0394 
19890630	0.0071	-0.0220	-0.0246	-0.0170	-0.0180	0.0041	-0.0298	0.0035	0.0075	0.0015	0.0224 
19890731	0.0070	0.0433	0.0572	0.0890	0.0966	0.1286	0.1098	0.0836	0.0826	0.0795	0.0607 
19890831	0.0067	0.0896	0.0678	0.0339	0.0356	-0.0176	-0.0219	-0.0012	0.0045	0.0019	-0.0003
19890929	0.0064	-0.0260	-0.0316	-0.0488	-0.0293	-0.0026	-0.0042	0.0146	-0.0327	0.0219	0.0034 
19891031	0.0068	-0.0359	-0.0533	-0.1125	-0.0724	-0.0154	-0.0138	-0.0491	-0.0484	-0.0142	0.0020 
19891130	0.0063	0.0371	0.0288	-0.0016	-0.0002	0.0300	0.0435	-0.0027	0.0113	0.0406	0.0285 
19891229	0.0059	0.0548	0.0173	-0.0001	-0.0073	0.0218	0.0000	-0.0202	-0.0108	0.0506	0.0387 
19900131	0.0059	-0.0389	-0.0483	-0.0679	-0.0716	-0.1004	-0.0647	-0.1017	-0.0386	-0.1142	-0.0524
19900228	0.0058	0.0330	-0.0133	0.0253	0.0090	-0.0153	-0.0276	0.0247	-0.0194	-0.0040	-0.0089
19900330	0.0064	0.0102	0.0130	0.0352	0.0577	0.0375	0.0239	-0.0290	0.0873	0.0434	-0.0194
19900430	0.0068	-0.0549	-0.0673	-0.0312	-0.0429	0.0099	0.0086	-0.0508	-0.0724	-0.0383	-0.0604
19900531	0.0064	0.0805	0.0927	0.0668	0.0848	0.0938	0.1257	0.1121	0.0475	0.0867	0.0538 
19900629	0.0059	-0.0462	-0.0375	-0.0230	-0.0256	0.0439	0.0376	-0.0471	-0.0906	-0.0515	0.0031 
19900731	0.0067	0.0850	0.0276	-0.0292	-0.0436	0.0117	0.0330	-0.0467	-0.0277	-0.0767	-0.0063
19900831	0.0062	-0.0348	-0.0717	-0.1484	-0.1635	-0.0711	-0.0663	-0.1151	-0.1377	-0.0757	-0.0790
19900928	0.0060	-0.0655	-0.0558	-0.0829	-0.1023	-0.0450	-0.0426	-0.1295	-0.0770	0.0438	0.0143 
19901031	0.0066	-0.0548	-0.0593	-0.0293	-0.0648	0.0464	0.0296	-0.1033	-0.0736	0.0177	0.0406 
19901130	0.0057	0.0491	0.0345	0.0774	0.1133	0.0351	0.0902	0.1762	0.1331	-0.0055	0.0153 
19901231	0.0060	-0.0400	0.0590	0.0482	0.0481	0.0500	0.0222	0.0357	0.0853	0.0077	-0.0140
19910131	0.0046	-0.0072	0.0192	0.1233	0.1288	0.0320	0.0515	0.0631	0.1919	-0.0163	-0.0292
19910228	0.0048	0.1005	0.0434	0.0374	0.0747	0.0743	0.0803	0.1293	0.0692	0.0260	0.0484 
19910328	0.0044	-0.0209	-0.0031	-0.0060	0.0319	0.0453	0.0298	0.0665	0.1071	0.0085	0.0075 
19910430	0.0053	-0.0259	-0.0201	-0.0267	-0.0040	-0.0165	-0.0101	0.0154	0.0404	-0.0101	-0.0137
19910531	0.0045	0.0055	0.0805	0.0889	0.0518	0.0279	0.0284	0.0347	0.0268	0.0020	0.0232 
19910628	0.0042	-0.0923	-0.0040	-0.0477	-0.0659	-0.0577	-0.0423	-0.0646	-0.0765	-0.0022	-0.0303
19910731	0.0048	0.0604	0.0225	0.0505	0.0589	0.0451	0.0710	0.0994	-0.0042	0.0029	0.0274 
19910830	0.0046	0.0152	-0.0131	-0.0027	0.0365	0.0237	0.0161	0.0430	0.0319	0.0024	0.0266 
19910930	0.0046	-0.0360	-0.0094	-0.0226	-0.0147	-0.0380	-0.0121	-0.0233	-0.0655	0.0024	0.0216 
19911031	0.0042	-0.0009	0.0057	-0.0079	-0.0203	0.0186	0.0570	0.0234	-0.0026	0.0021	0.0155 
19911129	0.0039	-0.1142	-0.0589	-0.0764	-0.0358	0.0002	-0.0301	-0.0562	-0.0484	-0.0292	-0.0030
19911231	0.0038	0.0374	0.0814	0.1446	0.1349	0.1469	0.1720	0.1211	0.1251	0.0789	0.0295 
19920131	0.0031	-0.0504	0.0169	0.0408	0.0537	-0.0526	-0.0862	0.0187	0.0601	-0.0457	-0.0499
19920228	0.0028	0.0059	0.0174	0.0323	0.0432	-0.0029	-0.0118	0.0568	0.0469	-0.0396	-0.0056
19920331	0.0034	-0.0333	-0.0335	0.0142	-0.0212	-0.0095	-0.0494	-0.0284	-0.0763	-0.0068	-0.0112
19920430	0.0033	0.0850	0.0200	0.0347	-0.0244	0.0210	-0.0004	0.0269	-0.0147	0.0770	0.0265 
19920529	0.0028	0.0509	0.0110	-0.0339	-0.0193	0.0051	0.0022	0.0314	0.0104	-0.0315	0.0260 
19920630	0.0032	-0.0667	-0.0035	-0.0585	-0.0066	-0.0191	-0.0424	0.0370	-0.0309	0.0079	-0.0055
19920731	0.0029	0.0838	0.0297	0.0080	0.0661	0.0487	0.0614	0.0233	0.0920	0.0702	0.0649 
19920831	0.0026	0.0350	-0.0605	-0.0491	-0.0318	0.0138	-0.0216	-0.0511	0.0229	-0.0023	-0.0191
19920930	0.0026	-0.0191	0.0095	0.0207	0.0385	0.0086	-0.0582	0.0325	0.0272	0.0113	0.0054 
19921030	0.0023	-0.0549	-0.0119	0.0314	0.0089	0.0105	0.0260	0.0240	0.0384	-0.0006	0.0021 
19921130	0.0023	-0.0183	0.0019	0.0361	0.0846	0.0343	0.0222	0.0619	0.0572	0.0094	-0.0002
19921231	0.0023	0.0172	0.0203	0.0435	-0.0029	-0.0151	-0.0084	0.0462	0.0557	0.0275	0.0211 
19930129	0.0023	0.0333	-0.0026	0.0240	0.0061	-0.0085	-0.0661	0.0244	0.0883	0.0035	0.0269 
19930226	0.0022	0.0579	0.0357	-0.0085	-0.0313	-0.0133	-0.0522	0.0265	-0.0075	0.0599	0.0634 
19930331	0.0025	0.0289	0.0357	0.0295	0.0435	0.0178	0.0106	0.0417	-0.0171	0.0308	0.0202 
19930430	0.0024	0.0284	0.0128	0.0096	-0.0269	-0.0819	0.0182	-0.0438	-0.0406	-0.0284	-0.0100
19930528	0.0022	0.0336	0.0369	0.0167	0.0432	0.0205	0.0200	-0.0032	0.0513	0.0100	0.0043 
19930630	0.0028	-0.0470	-0.0052	-0.0233	-0.0498	-0.0072	-0.0326	0.0529	0.0573	0.0509	0.0374 
19930730	0.0024	0.0477	0.0199	0.0246	-0.0011	-0.0344	-0.0557	0.0194	-0.0124	0.0211	0.0166 
19930831	0.0025	0.0473	0.0162	0.0428	0.0321	0.0289	0.0307	0.0188	0.0383	0.0855	0.0315 
19930930	0.0024	-0.0178	-0.0653	-0.0231	-0.0223	-0.0081	-0.0155	0.0110	0.0763	-0.0236	-0.0110
19931029	0.0022	-0.0269	0.0486	0.0212	0.0277	0.0477	0.0547	-0.0562	-0.0188	-0.0036	-0.0296
19931130	0.0025	-0.0664	0.0241	-0.0039	0.0031	-0.0039	0.0093	-0.0393	-0.0123	-0.0471	-0.0535
19931231	0.0023	0.0025	0.0555	0.0018	0.0148	0.0089	0.0156	0.0220	0.0704	-0.0020	0.0085 
19940131	0.0025	0.0381	0.0513	0.0510	-0.0004	0.0133	0.0058	0.0465	0.0855	0.0362	-0.0001
19940228	0.0021	-0.0264	-0.0330	-0.0176	-0.0042	-0.0016	-0.0666	-0.0536	0.0077	-0.0512	-0.0544
19940331	0.0025	-0.0507	-0.0357	-0.0301	-0.0338	-0.0456	-0.0450	-0.0264	-0.0146	-0.0293	-0.0508
19940429	0.0027	0.0748	-0.0391	0.0102	-0.0232	0.0196	0.0327	0.0242	0.0135	0.0192	0.0235 
19940531	0.0032	0.0050	0.0386	-0.0141	0.0045	-0.0051	0.0522	0.0496	-0.0142	0.0206	-0.0416
19940630	0.0031	-0.0203	-0.0169	-0.0279	-0.0158	-0.0341	-0.0148	-0.0408	-0.0467	0.0002	-0.0370
19940729	0.0028	0.0321	0.0503	0.0251	0.0213	0.0312	0.0016	0.0190	0.0601	0.0237	0.0515 
19940831	0.0037	-0.0119	0.0691	0.0511	0.0415	0.0756	0.1126	0.0386	0.1340	0.0075	0.0002 
19940930	0.0037	-0.0017	0.0231	-0.0553	-0.0394	-0.0191	0.0151	-0.0548	-0.0069	-0.0275	-0.0237
19941031	0.0038	0.0766	-0.0463	0.0122	-0.0033	0.0145	-0.0164	0.0032	0.0473	-0.0144	0.0141 
19941130	0.0037	-0.0744	-0.0688	-0.0640	-0.0319	-0.0160	0.0140	-0.0633	-0.0259	-0.0405	-0.0313
19941230	0.0044	-0.0270	0.0395	0.0086	0.0170	0.0170	0.0111	0.0079	0.0363	-0.0085	0.0094 
19950131	0.0042	0.0066	-0.0470	0.0115	-0.0002	0.0233	0.0560	0.0725	-0.0063	0.0672	0.0502 
19950228	0.0040	0.0507	0.0523	0.0278	0.0205	0.0260	0.0152	0.0422	0.0764	-0.0032	0.0151 
19950331	0.0041	0.0346	0.0663	0.0319	0.0237	0.0278	0.0255	0.0006	0.0413	0.0025	-0.0104
19950428	0.0045	0.0106	-0.0172	0.0394	-0.0067	0.0227	0.0282	0.0264	0.0732	0.0249	0.0230 
19950531	0.0054	0.0415	0.0090	0.0205	0.0218	0.0626	0.0188	0.0668	0.0359	-0.0091	0.0553 
19950630	0.0047	-0.0644	0.0280	0.0343	0.0296	-0.0110	0.0401	-0.0004	0.0566	0.0118	-0.0101
19950731	0.0045	0.0492	0.0270	0.0348	0.0350	-0.0035	0.0358	0.0305	0.0211	0.0339	0.0041 
19950831	0.0046	-0.0231	-0.0058	0.0241	-0.0142	-0.0099	0.0103	0.0480	-0.0085	0.0371	-0.0013
19950929	0.0043	-0.0091	0.0001	0.0226	0.0174	0.0634	0.0776	0.0546	0.0039	0.0458	0.0531 
19951031	0.0047	-0.0264	-0.0674	-0.0273	-0.0613	0.0123	-0.0219	-0.0313	-0.0597	0.0332	0.0027 
19951130	0.0041	0.0490	0.0580	0.0575	0.0484	0.0500	0.0508	0.0602	0.0308	0.0194	0.0128 
19951229	0.0049	0.0519	-0.0260	-0.0008	0.0111	0.0178	0.0490	-0.0014	-0.0693	0.0406	0.0428 
19960131	0.0043	0.0026	0.0744	0.0250	0.0027	0.0333	0.0366	0.0345	0.0065	0.0209	0.0103 
19960229	0.0039	0.0359	-0.0106	0.0283	0.0129	0.0219	-0.0021	0.0178	0.0566	-0.0367	-0.0389
19960329	0.0039	0.0695	0.0369	0.0157	0.0942	-0.0147	-0.0208	0.0109	-0.0267	-0.0097	-0.0227
19960430	0.0046	0.0402	0.0097	0.0150	0.0424	-0.0021	0.0137	-0.0109	0.1386	0.0433	0.0000 
19960531	0.0040	-0.0166	-0.0052	-0.0046	0.0395	0.0323	0.0226	0.0136	0.0313	-0.0066	0.0051 
19960628	0.0040	0.0045	-0.0748	-0.0247	-0.0077	0.0347	0.0017	0.0007	-0.0566	0.0404	0.0378 
19960731	0.0045	-0.0619	-0.0432	-0.0645	-0.0907	-0.0434	-0.0370	-0.0188	-0.0823	-0.0579	-0.0635
19960830	0.0041	0.0241	0.0210	0.0325	0.0380	-0.0289	0.0358	0.0306	0.0394	-0.0619	0.0244 
19960930	0.0044	0.0303	0.0020	0.0854	0.0319	0.0429	0.0838	0.0631	0.0751	0.0081	0.0125 
19961031	0.0042	0.0291	-0.0137	-0.0122	-0.0179	0.0171	-0.0137	0.0563	-0.0007	0.0474	0.0407 
19961129	0.0039	0.0737	0.0471	0.0613	0.0483	0.0611	0.0781	0.0882	0.1557	0.0256	0.0274 
19961231	0.0044	-0.0155	-0.0362	-0.0385	-0.0145	-0.0189	-0.0377	-0.0293	-0.0045	0.0273	-0.0061
19970131	0.0040	0.0452	0.0020	0.0227	0.0152	0.0477	0.0803	0.0624	0.0714	0.0169	-0.0059
19970228	0.0038	-0.0669	0.0610	-0.0045	0.0213	0.0290	0.0158	0.0506	-0.0697	0.0326	-0.0114
19970331	0.0043	0.0052	-0.0655	-0.0551	-0.0323	-0.0449	-0.0356	-0.0719	-0.0373	-0.1048	-0.0460
19970430	0.0043	-0.0070	-0.0092	0.0564	0.0302	0.0509	0.0702	0.0446	-0.0172	0.0360	-0.0116
19970530	0.0043	0.0874	0.0763	0.0690	0.0617	0.0573	0.0573	0.0561	0.1285	0.0685	0.0314 
19970630	0.0037	0.0251	0.0070	0.0345	0.0463	0.0253	0.0792	0.0496	-0.0194	0.0430	0.0224 
19970731	0.0043	0.0804	0.0642	0.0530	0.0727	0.0481	0.0425	0.1212	0.1725	0.0107	0.0192 
19970829	0.0041	0.0137	-0.0271	-0.0452	-0.0351	-0.0565	-0.0680	-0.0574	-0.0122	-0.0501	-0.0106
19970930	0.0046	0.0772	0.0339	0.0469	0.0404	0.0681	0.0383	0.0800	0.0186	0.0740	0.0303 
19971031	0.0039	-0.0272	-0.1179	-0.0388	-0.0481	-0.0226	-0.0181	-0.0302	-0.1345	-0.0085	0.0149 
19971128	0.0038	-0.0348	-0.0506	0.0191	0.0203	0.0495	0.0494	0.0192	0.0042	0.0818	0.0636 
19971231	0.0046	0.0019	-0.0429	-0.0117	-0.0038	0.0411	0.0113	0.0458	-0.0853	-0.0046	0.0734 
19980130	0.0042	-0.0834	0.0149	-0.0191	-0.0182	-0.0167	0.0868	-0.0466	0.0911	0.0719	-0.0461
19980227	0.0038	0.0917	0.0458	0.1135	0.0896	0.0481	0.0500	0.0890	0.1029	0.0132	0.0375 
19980331	0.0045	0.0307	0.0455	0.0355	0.0525	0.0477	0.0522	0.0618	0.0055	0.0978	0.0504 
19980430	0.0043	0.0159	0.0459	0.0006	0.0019	-0.0408	0.0073	0.0262	0.0536	-0.0384	-0.0290
19980529	0.0038	-0.0433	-0.0694	-0.0403	-0.0049	0.0035	-0.0126	-0.0283	-0.1110	-0.0020	-0.0110
19980630	0.0040	-0.0437	-0.0439	-0.0460	-0.0022	0.0241	0.0741	0.0310	0.0234	0.0307	0.0313 
19980731	0.0039	-0.0973	-0.0584	-0.1079	-0.0572	-0.0301	0.0023	-0.0307	-0.0232	0.0302	-0.0578
19980831	0.0040	-0.1490	-0.1543	-0.1984	-0.1712	-0.1228	-0.1195	-0.2199	-0.1467	-0.0770	-0.0111
19980930	0.0039	0.1160	0.1495	0.0815	-0.0386	0.0557	0.1107	0.0309	0.1690	0.0845	0.0964 
19981030	0.0034	0.0143	0.0747	0.0950	0.0893	0.1366	0.0420	0.0947	0.1329	0.0673	-0.0197
19981130	0.0032	-0.0333	0.0058	0.0526	0.0569	0.0449	0.0584	0.0798	0.1065	0.0432	0.0134 
19981231	0.0038	0.0027	-0.0657	-0.0273	0.0263	0.0320	0.0254	0.0157	0.1034	0.1160	0.0302 
19990129	0.0035	-0.0722	-0.0255	-0.0279	0.0123	-0.0524	-0.0654	0.0007	0.1161	0.0616	-0.0605
19990226	0.0034	-0.0333	-0.0081	-0.0163	0.0682	-0.0241	-0.0103	-0.0265	-0.1439	-0.0077	-0.0305
19990331	0.0041	0.2147	-0.0062	-0.0028	0.0576	-0.0312	0.0137	0.0103	0.0117	0.0264	-0.0137
19990430	0.0038	0.1055	0.2428	0.1651	0.0694	0.0124	0.0193	0.0942	0.0187	0.0440	0.0762 
19990528	0.0035	-0.0119	-0.1047	0.0091	0.0144	0.0029	-0.0417	-0.0216	0.0221	-0.0039	0.0670 
19990630	0.0041	0.0093	0.0590	0.0260	0.0270	0.0256	0.0430	0.0177	0.0952	0.0736	-0.0224
19990730	0.0037	0.0117	-0.0391	-0.0311	-0.0980	-0.0008	-0.0616	-0.0718	0.0090	-0.0152	-0.0194
19990831	0.0039	0.0203	0.0048	-0.0610	-0.0625	-0.0296	-0.0078	-0.0722	0.0060	-0.0856	0.0088 
19990930	0.0037	-0.0748	-0.0011	-0.1034	0.0338	-0.0785	-0.1044	-0.0738	0.0383	0.0487	-0.0484
19991029	0.0036	-0.0500	-0.0151	-0.1049	-0.0205	0.0780	0.0811	0.1336	-0.0047	0.0804	0.0303 
19991130	0.0038	0.0173	-0.0006	-0.0431	-0.0426	-0.0366	0.0201	-0.0585	0.1593	0.0046	-0.0789
19991231	0.0038	-0.0090	0.0864	0.1081	0.0115	0.0172	-0.0608	-0.0208	0.2957	-0.0144	-0.0088
20000131	0.0043	-0.0892	-0.1346	-0.0876	-0.0934	-0.0811	0.0025	-0.0752	-0.0157	-0.0502	0.0239 
20000229	0.0043	-0.0563	-0.0908	-0.0548	-0.1199	-0.0859	-0.1080	-0.1723	0.2780	-0.0886	-0.0917
20000331	0.0044	0.1983	0.0724	0.1448	0.1617	0.0479	0.0819	0.1899	-0.0196	0.0725	0.0320 
20000428	0.0046	0.0183	-0.0251	0.0659	0.0173	0.0072	0.0958	-0.0495	-0.0714	-0.0262	0.1232 
20000531	0.0048	0.1557	0.0040	0.0267	0.0074	0.0999	0.0643	0.1202	-0.0194	-0.0553	0.0425 
20000630	0.0037	-0.0894	-0.0662	-0.0531	-0.0843	0.0302	0.0819	-0.1088	0.1195	0.0094	-0.0505
20000731	0.0048	-0.0442	-0.0320	0.0281	-0.0198	-0.0209	-0.0392	0.1099	-0.0795	-0.1146	0.0434 
20000831	0.0050	0.1697	0.0206	0.0840	0.0361	0.0298	0.0067	0.0701	0.2000	-0.0149	0.0905 
20000929	0.0051	0.0044	-0.0819	-0.0583	-0.0167	0.0490	0.0695	0.0692	-0.1314	-0.0556	0.1294 
20001031	0.0052	-0.0223	-0.0010	0.0170	0.0380	0.1103	0.0662	0.0065	-0.0712	-0.0304	-0.0477
20001130	0.0050	-0.0671	0.0077	-0.0395	-0.0623	0.0247	0.0366	-0.0288	-0.2579	-0.2042	0.0373 
20001229	0.0049	0.0929	0.0686	0.0435	0.1465	0.0743	0.0229	0.1085	-0.0242	-0.0741	0.1001 
20010131	0.0052	-0.0166	0.0032	0.0070	0.1292	-0.0669	-0.0806	0.0025	0.2115	0.2479	-0.1119
20010228	0.0037	-0.0306	0.0408	0.0343	-0.0340	0.0429	0.0516	-0.0511	-0.3023	-0.1418	0.0608 
20010330	0.0043	0.0014	-0.0540	-0.0462	-0.0550	-0.0188	-0.0700	0.0113	-0.1327	-0.1381	0.0051 
20010430	0.0039	0.1027	0.1214	0.0639	0.0510	-0.0207	0.0326	0.0239	0.2690	0.0146	0.0581 
20010531	0.0032	0.0317	0.0369	0.0531	0.0366	0.0009	0.0313	0.0415	-0.0808	0.0139	-0.0036
20010629	0.0028	-0.1128	-0.0008	-0.0393	0.0213	-0.0226	-0.0128	0.0081	0.0014	-0.0573	-0.0781
20010731	0.0030	-0.0050	0.0074	-0.0222	0.0370	0.0115	0.0281	-0.0092	-0.0922	-0.0134	-0.0626
20010831	0.0030	-0.0164	0.0257	-0.0490	-0.0487	0.0243	-0.0217	-0.0420	-0.1118	-0.1494	-0.0078
20010928	0.0027	-0.0833	-0.0865	-0.2269	-0.1432	-0.0057	0.0029	-0.0636	-0.2493	-0.0508	-0.1249
20011031	0.0022	0.0550	-0.0131	0.0428	0.0445	-0.0071	0.0173	-0.0609	0.1482	-0.1039	0.0220 
20011130	0.0017	-0.0115	0.1016	0.1307	0.1434	0.0301	0.0104	0.0870	0.2108	0.1153	-0.0186
20011231	0.0015	0.0684	0.0009	0.0688	0.0624	0.0050	-0.0049	0.0268	-0.0144	0.0119	0.0139 
20020131	0.0014	-0.0241	0.0342	0.0135	0.0255	0.0151	-0.0039	0.0079	0.0337	-0.1268	-0.0600
20020228	0.0013	0.0285	0.0518	0.0441	0.0391	0.0293	0.0039	0.0180	-0.1792	-0.1601	-0.0569
20020328	0.0013	0.0702	0.0502	0.0498	0.0494	0.0409	0.0268	0.0411	0.1096	0.0022	0.1949 
20020430	0.0015	-0.0457	-0.0482	-0.0340	0.0027	0.0066	-0.0394	0.0035	-0.1446	-0.1620	-0.0304
20020531	0.0014	-0.0162	0.0669	0.0127	0.0265	0.0063	-0.0171	-0.0164	-0.0827	0.0143	-0.0861
20020628	0.0013	-0.0111	-0.0073	-0.0855	-0.0372	-0.0790	-0.0939	-0.0325	-0.1258	-0.1685	-0.0940
20020731	0.0015	-0.1056	-0.1117	-0.1302	-0.0992	-0.0370	-0.0351	-0.0819	-0.1555	0.1128	-0.1963
20020830	0.0014	0.0228	-0.0130	-0.0059	-0.0275	0.0278	0.0283	0.0260	-0.0055	0.1254	0.0567 
20020930	0.0014	-0.1016	-0.1366	-0.1056	-0.0651	-0.0868	-0.0521	-0.0998	-0.2191	-0.1309	-0.1435
20021031	0.0013	0.0328	0.0227	-0.0142	0.0408	0.0804	0.0335	0.0493	0.2396	0.3907	-0.0868
20021129	0.0012	0.0123	0.1281	0.1357	0.0291	-0.0255	0.0087	0.0161	0.2337	0.1513	0.1269 
20021231	0.0011	0.0212	-0.0294	-0.0274	-0.0549	0.0143	-0.0442	-0.0392	-0.1149	-0.0857	0.0636 
